source target
104 104
104 993
104 677
104 546
333 865
333 577
333 637
333 765
333 439
170 561
170 988
170 577
170 159
170 197
170 522
170 93
170 892
170 166
170 178
170 682
170 62
170 636
170 940
170 186
170 630
170 516
170 268
170 299
170 778
128 985
128 103
128 317
128 443
128 988
128 444
128 569
128 648
128 577
128 248
128 715
128 465
128 892
128 428
128 313
128 940
128 186
128 59
128 819
128 735
128 517
128 518
128 827
128 698
821 821
156 156
156 11
156 561
156 934
156 79
156 773
156 876
156 309
156 956
156 644
156 74
156 628
156 905
156 141
156 864
156 340
156 363
156 377
156 468
156 582
156 250
126 126
126 561
126 953
126 444
126 648
126 260
126 876
126 843
126 58
126 309
126 889
126 33
126 44
126 394
126 856
846 548
846 823
846 578
846 375
846 388
846 577
846 383
846 408
846 733
846 286
846 470
846 120
846 837
846 178
846 438
846 319
846 229
846 901
846 808
846 437
846 430
846 624
846 456
846 144
846 580
846 789
846 723
846 572
846 856
846 725
846 32
846 43
846 840
846 391
846 617
846 623
846 975
846 24
846 672
846 564
846 90
846 665
846 853
846 247
846 262
846 583
846 727
846 331
985 128
985 985
985 280
985 444
985 648
985 876
985 21
985 181
985 151
985 101
985 715
985 951
985 93
985 178
985 255
985 287
985 671
985 997
985 337
985 706
985 531
985 757
985 640
985 426
985 415
985 856
985 45
985 455
985 660
752 104
752 752
752 199
752 116
752 386
752 375
752 236
752 46
752 479
752 420
752 983
752 140
752 696
752 108
752 627
548 846
548 548
548 375
548 909
548 577
548 760
548 733
548 503
548 470
548 609
548 438
548 140
548 456
548 95
548 284
548 789
548 816
548 231
993 104
993 843
993 58
993 96
540 561
540 953
540 423
540 115
540 530
540 832
823 104
823 846
823 993
823 540
823 823
823 199
823 386
823 375
823 648
823 58
823 309
823 625
823 383
823 236
823 408
823 677
823 560
823 470
823 191
823 449
823 274
823 285
823 837
823 709
823 917
823 87
823 884
823 430
823 723
823 791
823 643
823 920
823 686
823 653
823 881
823 22
823 371
823 367
823 421
823 814
823 898
868 868
868 934
868 388
868 577
868 131
868 547
868 120
868 875
868 370
868 837
868 766
868 398
868 456
868 144
868 791
868 690
868 686
868 840
868 22
868 724
868 18
868 785
638 388
638 577
638 481
638 674
638 724
638 851
638 860
638 18
638 660
638 607
610 104
610 610
610 375
610 947
610 44
610 273
610 37
199 752
199 823
199 386
199 934
199 375
199 13
199 648
199 330
199 351
199 195
199 567
199 58
199 159
199 181
199 932
199 101
199 889
199 33
199 679
199 207
199 420
199 172
199 522
199 588
199 449
199 385
199 886
199 983
199 508
199 808
199 614
199 394
199 795
199 924
199 721
199 545
199 365
199 841
199 407
199 608
199 502
199 693
199 596
199 485
103 103
103 756
103 309
103 352
11 156
11 657
11 208
11 386
11 934
11 543
11 569
11 747
11 260
11 876
11 589
11 409
11 489
11 216
11 891
11 947
11 46
11 264
11 349
11 718
11 255
11 484
11 628
11 356
11 340
11 473
11 848
496 761
496 375
496 935
496 770
496 449
496 521
496 808
496 387
496 391
496 996
496 267
635 942
635 857
635 375
635 900
635 797
635 392
635 207
635 420
635 106
635 470
635 708
635 99
635 588
635 51
635 799
635 2
635 16
635 142
635 938
635 662
635 713
635 928
635 941
635 751
635 92
635 105
635 607
635 831
635 870
635 234
701 701
701 444
701 973
701 876
701 474
701 101
701 679
701 466
657 657
657 311
657 63
657 386
657 876
657 546
657 639
657 253
616 116
616 865
616 876
616 181
616 932
616 27
616 679
616 275
616 924
616 478
616 529
761 496
761 116
761 876
761 567
761 21
761 181
761 673
761 530
761 832
311 657
311 562
311 896
311 973
311 260
311 334
311 876
311 494
311 525
311 195
311 409
311 889
311 720
311 265
311 381
311 748
311 352
311 612
63 104
63 657
63 116
63 386
63 942
63 857
63 10
63 777
63 865
63 269
63 973
63 260
63 351
63 195
63 474
63 843
63 9
63 932
63 621
63 409
63 153
63 889
63 433
63 546
63 46
63 479
63 470
63 51
63 263
63 639
63 2
63 292
63 721
63 40
63 143
63 941
63 612
208 11
208 543
208 896
208 876
208 409
208 489
208 286
208 775
208 376
208 637
208 3
208 521
208 349
208 508
208 734
208 304
208 809
208 263
208 808
208 72
208 918
208 593
208 799
208 718
208 1
878 878
878 876
878 180
878 108
878 455
561 170
561 156
561 126
561 540
561 561
561 79
561 797
561 577
561 501
561 408
561 679
561 956
561 892
561 304
561 446
561 394
561 655
561 133
561 466
561 905
561 196
561 45
116 103
116 616
116 761
116 116
116 386
116 282
116 900
116 973
116 159
116 181
116 932
116 449
116 102
116 832
116 302
386 199
386 116
386 386
386 900
386 569
386 269
386 773
386 973
386 351
386 195
386 843
386 159
386 932
386 673
386 254
386 546
386 679
386 172
386 892
386 394
386 835
386 736
386 488
386 539
386 243
386 94
386 261
386 143
942 104
942 993
942 540
942 199
942 103
942 635
942 63
942 116
942 386
942 857
942 934
942 953
942 777
942 375
942 865
942 226
942 900
942 626
942 269
942 973
942 13
942 330
942 55
942 260
942 494
942 525
942 351
942 195
942 474
942 69
942 738
942 361
942 58
942 159
942 125
942 695
942 932
942 621
942 392
942 673
942 309
942 807
942 153
942 786
942 301
942 254
942 889
942 677
942 679
942 479
942 470
942 179
942 172
942 424
942 926
942 449
942 102
942 983
942 734
942 808
942 72
942 2
942 714
942 158
942 296
942 614
942 984
942 265
942 949
942 451
942 924
942 958
942 571
942 647
942 908
942 736
942 771
942 184
942 509
942 365
942 16
942 162
942 668
942 243
942 448
942 529
942 712
942 717
942 662
942 452
942 407
942 369
942 745
942 201
942 646
942 844
942 608
942 568
942 874
942 804
942 78
942 143
942 357
942 49
942 92
942 612
942 863
942 586
942 683
942 707
942 71
942 355
942 549
942 990
942 453
942 526
942 768
942 971
942 788
857 635
857 63
857 900
857 351
857 843
857 501
857 392
857 947
857 33
857 679
857 172
857 545
857 243
934 156
934 868
934 199
934 942
934 934
934 747
934 648
934 855
934 21
934 417
934 315
934 947
934 254
934 420
934 515
934 720
934 991
934 274
934 51
934 767
934 2
934 133
934 297
934 138
934 353
934 748
934 94
934 268
934 995
359 116
359 359
359 375
359 797
359 648
359 932
359 621
359 673
359 153
359 176
359 782
359 228
359 346
10 104
10 63
10 444
10 576
10 569
10 577
10 567
10 159
10 309
10 481
10 479
10 547
10 892
10 734
10 767
10 580
10 203
10 413
10 996
10 24
10 94
10 261
10 810
10 820
953 540
953 942
953 317
953 497
953 567
953 309
953 679
953 892
953 530
953 346
953 639
953 466
598 598
598 375
598 900
598 569
598 973
598 648
598 477
598 467
598 577
598 216
598 215
598 470
598 449
598 304
598 67
598 559
598 136
26 375
26 226
26 248
26 417
26 470
26 925
26 521
26 438
26 436
26 606
26 347
578 846
578 375
578 385
578 178
578 674
578 929
578 140
578 624
578 824
578 95
578 791
578 329
578 669
578 729
578 541
578 353
578 853
578 341
578 957
578 241
578 812
776 776
776 226
776 577
776 58
776 932
776 621
776 336
776 383
776 786
776 659
776 479
776 609
776 44
776 766
776 753
776 233
776 722
776 398
776 304
776 263
776 915
776 723
776 366
776 329
776 669
776 653
776 930
776 22
776 452
776 544
776 541
776 779
776 565
776 608
776 418
776 421
776 250
776 232
776 986
776 684
280 170
280 985
280 540
280 330
280 876
280 632
280 209
280 21
280 181
280 151
280 838
280 249
280 255
280 997
280 74
280 337
280 706
280 531
280 446
280 757
280 640
280 426
280 198
280 415
280 154
280 664
280 856
280 466
280 492
280 411
79 156
79 103
79 616
79 561
79 386
79 79
79 747
79 876
79 159
79 932
79 679
79 179
79 264
79 983
79 644
79 692
79 74
79 628
79 495
79 905
79 152
79 141
79 864
79 340
79 894
79 363
79 890
79 468
79 138
79 582
79 281
79 895
447 470
447 385
447 233
447 429
750 648
750 577
750 58
750 930
750 962
750 343
750 965
537 444
537 577
537 260
537 58
537 101
537 621
537 216
537 517
537 485
537 950
423 540
423 932
423 172
423 451
777 104
777 199
777 269
777 973
777 648
777 260
777 334
777 525
777 843
777 361
777 58
777 932
777 392
777 673
777 309
777 254
777 679
777 179
777 987
777 886
777 292
777 924
777 647
777 736
777 243
777 478
777 381
189 282
189 449
189 596
440 440
440 317
440 443
440 543
440 375
440 306
440 988
440 742
440 157
440 919
317 42
317 466
317 225
317 518
443 443
443 988
443 577
443 715
443 428
443 239
543 11
543 208
543 440
543 543
543 896
543 566
543 876
543 101
543 409
543 216
543 718
375 846
375 752
375 548
375 823
375 610
375 199
375 496
375 635
375 942
375 359
375 598
375 26
375 578
375 447
375 423
375 189
375 440
375 306
375 497
375 697
375 388
375 155
375 855
375 567
375 69
375 843
375 9
375 316
375 619
375 842
375 678
375 417
375 75
375 625
375 383
375 480
375 315
375 236
375 300
375 935
375 176
375 374
375 560
375 286
375 906
375 500
375 503
375 445
375 403
375 951
375 129
375 207
375 376
375 479
375 420
375 547
375 252
375 122
375 563
375 493
375 106
375 470
375 708
375 120
375 720
375 462
375 191
375 99
375 925
375 465
375 206
375 588
375 875
375 770
375 230
375 599
375 899
375 991
375 801
375 350
375 274
375 89
375 273
375 51
375 933
375 249
375 966
375 837
375 766
375 521
375 349
375 597
375 633
375 346
375 753
375 65
375 233
375 438
375 319
375 722
375 674
375 882
375 229
375 929
375 398
375 709
375 901
375 304
375 263
375 918
375 593
375 1
375 15
375 682
375 897
375 287
375 917
375 400
375 767
375 437
375 321
375 671
375 915
375 224
375 457
375 87
375 2
375 884
375 412
375 755
375 624
375 54
375 402
375 824
375 379
375 998
375 6
375 476
375 710
375 498
375 144
375 95
375 580
375 284
375 789
375 723
375 572
375 791
375 829
375 292
375 486
375 463
375 344
375 615
375 242
375 84
375 651
375 213
375 488
375 643
375 702
375 167
375 725
375 854
375 270
375 920
375 861
375 387
375 271
375 329
375 601
375 147
375 32
375 686
375 669
375 483
375 982
375 834
375 43
375 653
375 881
375 427
375 840
375 37
375 699
375 142
375 704
375 135
375 133
375 478
375 121
375 511
375 558
375 696
375 165
375 729
375 617
375 22
375 830
375 410
375 811
375 938
375 937
375 662
375 996
375 535
375 534
375 235
375 623
375 975
375 24
375 305
375 161
375 544
375 650
375 672
375 713
375 968
375 564
375 458
375 541
375 246
375 138
375 395
375 716
375 429
375 514
375 91
375 353
375 654
375 866
375 790
375 221
375 132
375 459
375 928
375 56
375 487
375 360
375 980
375 460
375 853
375 732
375 210
375 60
375 442
375 314
375 730
375 565
375 943
375 253
375 502
375 694
375 294
375 276
375 827
375 675
375 941
375 611
375 4
375 268
375 247
375 499
375 663
375 36
375 418
375 592
375 959
375 737
375 726
375 550
375 47
375 450
375 573
375 187
375 421
375 422
375 818
375 904
375 105
375 931
375 85
375 607
375 796
375 858
375 404
375 41
375 816
375 293
375 743
375 849
375 831
375 594
375 434
375 192
375 769
375 948
375 169
375 939
375 995
375 97
375 182
375 862
375 604
375 257
375 684
375 666
375 66
375 946
375 35
375 295
375 399
375 405
375 441
375 778
375 77
375 806
375 627
375 574
375 622
375 505
375 887
375 291
375 957
375 553
375 262
375 519
375 223
375 554
375 698
375 17
375 839
375 318
375 583
375 944
375 204
375 436
375 631
375 279
375 218
375 603
375 645
375 792
375 960
375 277
375 145
375 50
375 676
375 812
375 952
375 475
375 870
375 595
375 606
375 401
375 814
375 193
375 234
375 898
375 794
375 691
375 347
375 542
375 764
375 921
375 111
375 239
375 687
375 847
375 910
375 552
375 802
375 907
375 308
375 331
375 118
375 83
375 368
375 605
375 23
375 29
375 382
375 137
375 283
375 641
375 670
375 1000
375 955
375 978
375 31
306 375
306 306
306 892
306 630
306 91
306 542
306 538
742 116
742 386
742 440
742 876
742 494
742 159
742 679
742 479
742 609
742 172
742 838
742 734
742 872
742 830
742 77
157 103
157 440
157 988
157 577
157 409
157 428
157 290
157 250
919 440
919 919
919 876
919 159
919 692
919 363
919 468
8 440
8 8
8 648
8 577
8 567
8 872
8 825
8 463
8 653
865 333
865 616
865 900
865 179
865 346
444 128
444 701
444 444
444 891
444 798
444 178
444 313
444 765
444 930
444 466
444 225
444 138
444 517
282 116
282 386
282 189
282 865
282 648
282 577
282 351
282 567
282 392
282 677
282 138
964 444
964 569
964 648
964 577
964 44
964 819
964 466
964 735
194 79
194 876
194 723
194 495
194 152
194 890
194 468
194 281
194 895
888 577
888 140
888 840
226 55
226 843
226 392
226 57
226 970
226 54
226 372
226 219
226 833
226 514
226 858
576 104
576 993
576 199
576 10
576 317
576 988
576 569
576 973
576 577
576 351
576 932
576 479
576 547
576 230
576 449
576 637
576 166
576 2
576 292
576 186
576 323
576 735
576 748
576 261
576 250
900 104
900 635
900 616
900 386
900 857
900 865
900 900
900 569
900 797
900 269
900 600
900 58
900 159
900 181
900 932
900 673
900 309
900 153
900 254
900 33
900 679
900 479
900 515
900 172
900 230
900 424
900 521
900 304
900 394
900 292
900 984
900 736
900 545
900 167
900 243
900 452
900 381
900 608
626 199
626 626
626 260
626 101
626 392
626 179
626 2
626 30
626 405
626 81
562 311
562 973
562 876
562 891
562 799
562 639
562 825
783 876
783 216
569 386
569 988
569 576
569 900
569 569
569 269
569 467
569 577
569 260
569 715
569 892
569 394
569 736
569 466
569 735
569 320
569 848
569 568
569 78
569 660
569 290
797 635
797 561
797 359
797 900
797 269
797 876
797 494
797 593
797 799
797 86
797 48
797 748
797 320
269 104
269 616
269 63
269 386
269 942
269 777
269 865
269 569
269 797
269 269
269 497
269 260
269 334
269 876
269 494
269 195
269 474
269 843
269 392
269 673
269 153
269 266
269 254
269 889
269 433
269 546
269 679
269 479
269 892
269 734
269 304
269 2
269 265
269 736
269 16
269 339
269 529
269 735
269 717
269 454
269 381
269 148
269 320
269 40
269 902
269 852
269 258
269 941
269 611
269 683
269 355
497 103
497 386
497 942
497 953
497 375
497 569
497 269
497 497
497 260
497 525
497 351
497 673
497 309
497 153
497 254
497 546
497 679
497 172
497 394
497 292
497 984
896 311
896 208
896 543
896 260
896 876
896 843
896 409
896 349
896 718
896 255
322 577
322 735
613 613
613 773
613 747
613 477
613 577
613 101
613 673
613 798
600 900
600 876
600 392
600 736
600 528
600 133
600 478
600 405
773 156
773 386
773 613
773 773
773 260
773 876
773 494
773 351
773 673
773 409
773 266
773 889
773 546
773 479
773 160
773 987
773 692
773 87
773 394
773 495
773 240
773 894
773 363
773 582
773 78
773 258
773 281
773 550
989 876
756 104
756 103
756 756
756 577
756 546
973 701
973 311
973 116
973 386
973 598
973 423
973 777
973 576
973 973
973 648
973 744
973 195
973 889
973 433
973 679
973 420
973 547
973 172
973 588
973 987
973 892
973 19
973 304
973 1
973 2
973 158
973 451
973 721
973 647
973 466
973 712
973 410
973 148
973 848
973 804
973 98
973 143
973 504
973 76
973 923
973 683
566 423
566 543
566 747
566 477
566 467
566 577
566 409
566 817
566 313
697 375
697 470
697 606
13 199
13 116
13 942
13 626
13 13
13 876
13 125
13 935
13 889
13 139
13 207
13 420
13 470
13 425
13 522
13 588
13 385
13 508
13 809
13 394
13 795
13 451
13 545
13 12
13 468
13 696
13 938
13 407
13 91
13 608
13 294
13 863
388 846
388 868
388 638
388 375
388 388
388 481
388 703
388 425
388 609
388 720
388 370
388 178
388 456
388 636
388 580
388 84
388 271
388 724
388 672
388 968
388 91
388 853
388 404
388 432
155 199
155 386
155 375
155 155
155 843
155 159
155 309
155 733
155 254
155 403
155 470
155 912
155 798
155 644
155 734
155 643
155 240
155 894
155 363
155 24
155 492
155 866
909 548
909 934
909 226
909 577
909 932
909 625
909 609
909 624
909 614
909 186
909 930
909 623
909 24
909 962
909 745
747 103
747 317
747 569
747 613
747 566
747 747
747 577
747 892
747 872
747 291
648 104
648 126
648 199
648 934
648 598
648 750
648 8
648 282
648 964
648 973
648 477
648 467
648 577
648 101
648 408
648 947
648 215
648 139
648 207
648 892
648 385
648 530
648 798
648 709
648 618
648 67
648 451
648 478
648 466
648 559
648 94
648 533
648 320
648 844
648 312
648 518
648 78
648 787
648 911
648 885
648 416
477 701
477 616
477 598
477 423
477 569
477 613
477 566
477 747
477 648
477 681
477 467
477 577
477 55
477 216
477 408
477 912
477 530
477 798
477 618
477 67
477 292
477 984
477 466
477 559
477 962
477 94
477 471
477 78
477 787
477 911
477 136
477 416
477 81
477 822
477 994
855 934
855 423
855 375
855 932
855 817
855 470
855 615
855 326
855 666
681 104
681 199
681 648
681 477
681 577
681 58
681 292
681 984
681 529
681 735
681 81
330 199
330 942
330 280
330 330
330 567
330 153
330 394
330 451
330 924
330 571
330 936
330 365
330 288
330 565
467 821
467 598
467 569
467 566
467 648
467 477
467 467
467 577
467 715
467 216
467 530
467 798
467 825
467 67
467 735
467 559
467 312
467 295
467 416
467 870
577 333
577 170
577 128
577 821
577 846
577 548
577 868
577 638
577 561
577 10
577 598
577 776
577 750
577 537
577 317
577 443
577 988
577 157
577 8
577 444
577 282
577 964
577 888
577 576
577 569
577 322
577 613
577 756
577 566
577 909
577 747
577 648
577 477
577 681
577 467
577 577
577 589
577 113
577 115
577 248
577 715
577 489
577 891
577 584
577 384
577 119
577 817
577 345
577 335
577 947
577 760
577 215
577 481
577 174
577 197
577 705
577 139
577 775
577 42
577 425
577 609
577 57
577 228
577 44
577 465
577 522
577 661
577 875
577 230
577 64
577 93
577 275
577 637
577 89
577 163
577 892
577 428
577 166
577 370
577 217
577 285
577 53
577 530
577 798
577 178
577 508
577 897
577 140
577 671
577 915
577 974
577 278
577 825
577 327
577 109
577 25
577 68
577 62
577 430
577 618
577 456
577 67
577 6
577 469
577 354
577 313
577 636
577 940
577 7
577 759
577 999
577 30
577 186
577 177
577 59
577 945
577 366
577 524
577 461
577 819
577 690
577 655
577 323
577 854
577 873
577 765
577 413
577 699
577 393
577 48
577 930
577 466
577 473
577 630
577 869
577 439
577 225
577 913
577 512
577 507
577 735
577 826
577 649
577 746
577 559
577 724
577 24
577 256
577 516
577 431
577 672
577 962
577 510
577 590
577 90
577 324
577 883
577 763
577 551
577 196
577 532
577 183
577 665
577 587
577 362
577 981
577 527
577 851
577 836
577 61
577 94
577 779
577 556
577 471
577 533
577 20
577 860
577 134
577 108
577 18
577 261
577 848
577 642
577 517
577 200
577 680
577 312
577 518
577 688
577 902
577 212
577 800
577 326
577 259
577 464
577 112
577 367
577 343
577 107
577 205
577 652
577 815
577 341
577 660
577 485
577 435
577 871
577 39
577 728
577 969
577 303
577 513
577 290
577 190
577 419
577 244
577 328
577 472
577 14
577 150
577 70
577 202
577 175
577 523
577 793
577 100
577 570
577 787
577 911
577 211
577 976
577 923
577 922
577 992
577 250
577 629
577 232
577 299
577 711
577 986
577 231
577 895
577 289
577 820
577 136
577 505
577 740
577 950
577 885
577 173
577 241
577 416
577 667
577 267
577 146
577 378
577 785
577 967
577 396
577 5
577 877
577 916
577 557
577 772
577 727
577 81
577 414
577 822
577 994
577 867
577 656
577 845
577 130
577 149
577 585
577 961
577 432
577 114
577 52
577 903
577 762
577 828
577 389
577 965
82 386
82 55
82 260
82 744
82 334
82 876
82 632
82 494
82 525
82 351
82 195
82 567
82 474
82 69
82 843
82 738
82 361
82 679
55 477
55 82
55 947
55 546
55 524
260 392
260 889
260 679
260 30
260 751
744 540
744 973
744 843
744 433
744 307
334 311
334 777
334 269
334 82
334 260
334 876
334 494
334 525
334 843
334 361
334 159
334 932
334 417
334 254
334 889
334 679
334 179
334 521
334 19
334 614
334 924
334 307
334 869
334 454
334 381
334 941
876 156
876 126
876 985
876 823
876 199
876 11
876 701
876 657
876 616
876 761
876 311
876 208
876 878
876 386
876 280
876 79
876 543
876 742
876 919
876 194
876 562
876 783
876 797
876 269
876 896
876 600
876 773
876 989
876 13
876 82
876 260
876 744
876 334
876 876
876 632
876 494
876 195
876 474
876 209
876 21
876 501
876 181
876 151
876 932
876 101
876 954
876 602
876 409
876 131
876 216
876 781
876 336
876 266
876 408
876 786
876 733
876 758
876 254
876 27
876 889
876 433
876 659
876 168
876 972
876 482
876 546
876 33
876 679
876 782
876 46
876 479
876 470
876 160
876 703
876 956
876 264
876 987
876 912
876 380
876 579
876 838
876 397
876 3
876 520
876 385
876 349
876 19
876 886
876 338
876 644
876 809
876 799
876 718
876 255
876 692
876 238
876 872
876 997
876 74
876 337
876 706
876 531
876 446
876 757
876 640
876 426
876 198
876 415
876 154
876 639
876 2
876 963
876 536
876 784
876 970
876 914
876 390
876 484
876 859
876 185
876 171
876 581
876 689
876 394
876 658
876 795
876 628
876 506
876 721
876 741
876 495
876 835
876 164
876 222
876 736
876 936
876 774
876 373
876 664
876 977
876 545
876 856
876 365
876 358
876 528
876 841
876 203
876 123
876 307
876 880
876 339
876 86
876 927
876 117
876 634
876 356
876 272
876 749
876 12
876 240
876 342
876 80
876 832
876 332
876 850
876 372
876 491
876 905
876 152
876 141
876 864
876 340
876 894
876 363
876 890
876 377
876 468
876 219
876 96
876 38
876 88
876 803
876 391
876 348
876 805
876 302
876 406
876 454
876 34
876 298
876 893
876 813
876 780
876 833
876 127
876 731
876 297
876 325
876 381
876 492
876 739
876 748
876 555
876 214
876 124
876 148
876 371
876 719
876 180
876 288
876 575
876 364
876 979
876 245
876 320
876 620
876 40
876 582
876 45
876 237
876 591
876 455
876 310
876 110
876 98
876 693
876 754
876 352
876 852
876 596
876 258
876 281
876 411
876 879
876 504
876 188
876 73
876 700
876 751
876 490
876 76
876 92
876 105
632 280
632 82
632 876
632 632
632 209
632 151
632 781
632 27
632 44
632 285
632 521
632 255
632 917
632 74
632 706
632 446
632 640
632 506
632 411
494 311
494 942
494 742
494 797
494 269
494 773
494 82
494 334
494 876
494 525
494 351
494 195
494 474
494 69
494 738
494 361
494 9
494 673
494 301
494 926
494 385
494 808
494 87
494 2
494 358
494 307
494 668
494 634
494 332
494 214
494 804
494 941
494 47
494 612
494 277
351 199
351 386
351 857
351 773
351 494
351 351
351 567
351 159
351 101
351 673
351 781
351 786
351 254
351 33
351 679
351 46
351 179
351 734
351 872
351 394
351 924
351 835
351 736
351 936
351 655
351 78
351 357
195 104
195 199
195 103
195 311
195 63
195 116
195 386
195 942
195 865
195 269
195 973
195 260
195 876
195 494
195 195
195 474
195 843
195 58
195 932
195 392
195 266
195 889
195 433
195 679
195 46
195 479
195 515
195 380
195 892
195 639
195 2
195 158
195 970
195 924
195 123
195 880
195 454
195 298
195 780
195 148
195 320
195 568
195 143
195 258
195 941
195 76
195 612
195 173
567 199
567 761
567 351
567 58
567 159
567 181
567 621
567 781
567 951
567 872
567 832
567 276
474 701
474 63
474 942
474 269
474 82
474 876
474 494
474 195
474 301
474 433
474 479
474 263
474 682
474 639
474 2
474 970
474 614
474 265
474 721
474 841
474 454
474 298
474 568
474 310
474 502
474 612
474 289
69 635
69 942
69 375
69 82
69 494
69 843
69 376
69 479
69 420
69 547
69 252
69 122
69 563
69 493
738 942
738 82
738 494
738 525
738 361
738 926
738 2
738 332
361 942
361 777
361 82
361 334
361 494
361 738
361 677
361 926
361 2
361 184
361 358
361 634
361 332
361 201
209 548
209 208
209 116
209 280
209 82
209 876
209 632
209 567
209 209
209 21
209 695
209 181
209 151
209 932
209 236
209 786
209 168
209 679
209 609
209 838
209 255
209 997
209 74
209 706
209 446
209 757
209 640
209 426
209 198
209 154
209 664
209 545
209 856
209 297
209 492
209 411
209 858
58 126
58 199
58 103
58 750
58 843
58 151
58 932
58 954
58 673
58 715
58 309
58 807
58 215
58 33
58 956
58 449
58 886
58 983
58 924
58 127
21 985
21 761
21 934
21 280
21 876
21 209
21 159
21 181
21 151
21 838
21 997
21 706
21 531
21 446
21 757
21 640
501 561
501 857
501 876
501 807
501 153
501 394
501 203
501 564
501 297
501 555
501 779
9 63
9 116
9 423
9 375
9 900
9 973
9 260
9 494
9 195
9 159
9 932
9 392
9 309
9 254
9 433
9 470
9 708
9 292
9 488
9 243
159 170
159 993
159 540
159 199
159 386
159 351
159 567
159 843
159 159
159 932
159 621
159 546
159 679
159 479
159 449
159 51
159 692
159 723
159 463
159 510
125 199
125 942
125 934
125 423
125 189
125 351
125 843
125 58
125 932
125 479
125 179
125 424
125 872
125 2
125 668
125 24
125 852
695 695
181 985
181 199
181 761
181 116
181 280
181 900
181 876
181 567
181 21
181 673
181 33
181 997
181 531
181 757
181 640
181 426
181 198
181 415
181 924
181 164
181 856
181 832
151 104
151 985
151 993
151 540
151 280
151 648
151 876
151 632
151 209
151 58
151 21
151 159
151 181
151 151
151 838
151 255
151 997
151 74
151 337
151 706
151 531
151 446
151 757
151 640
151 426
151 198
151 415
151 664
151 856
151 411
932 199
932 116
932 386
932 900
932 58
932 159
932 619
932 673
932 889
932 679
932 420
932 515
932 172
932 44
932 424
932 970
932 723
932 736
932 668
932 243
932 850
932 320
932 804
932 355
101 199
101 701
101 543
101 648
101 876
101 351
101 101
101 889
101 951
101 449
101 304
101 614
101 30
101 924
101 936
101 977
101 365
101 668
101 96
101 288
101 502
101 751
101 485
589 246
113 577
113 335
113 772
113 149
316 540
316 375
316 966
316 34
316 564
115 104
115 540
115 103
115 934
115 317
115 444
115 569
115 577
115 525
115 843
115 58
115 101
115 489
115 679
115 465
954 993
954 876
954 58
954 954
954 807
954 403
954 491
954 219
954 302
619 993
619 317
619 375
619 444
619 932
619 619
619 715
619 428
619 690
619 981
619 642
621 567
248 128
248 26
248 577
248 93
248 991
248 892
248 178
248 999
248 59
248 323
248 765
248 544
248 836
248 190
248 250
248 606
602 876
392 103
392 857
392 269
392 600
392 309
392 33
392 679
392 172
392 337
392 924
392 736
392 634
392 243
392 813
673 761
673 386
673 942
673 777
673 900
673 497
673 613
673 773
673 494
673 351
673 58
673 181
673 932
673 889
673 264
673 346
673 304
673 2
673 721
673 908
673 203
673 454
673 937
673 813
673 148
673 320
673 98
673 143
715 128
715 443
715 577
715 58
715 715
715 892
715 220
715 819
715 746
715 587
715 518
715 660
715 485
715 70
842 375
842 842
842 882
842 242
842 418
678 199
678 375
678 648
678 567
678 181
678 932
678 101
678 392
678 376
678 44
678 243
678 49
309 103
309 58
309 392
309 807
309 983
309 856
309 813
417 934
417 26
417 375
417 515
417 917
417 767
417 611
417 814
409 11
409 311
409 63
409 208
409 543
409 157
409 773
409 566
409 577
409 260
409 876
409 409
409 659
409 273
409 718
409 87
409 484
409 133
409 38
409 268
131 868
131 876
131 589
131 131
131 489
131 875
131 3
131 246
489 311
489 208
489 577
489 260
489 932
489 131
489 489
153 359
153 900
153 269
153 330
153 501
153 786
153 935
153 254
153 906
153 179
153 449
153 346
153 734
153 263
153 682
153 791
153 265
153 736
153 545
153 651
153 213
153 528
153 841
153 488
153 539
153 203
153 524
153 123
153 16
153 643
153 162
153 702
153 461
153 167
216 11
216 598
216 537
216 543
216 783
216 477
216 467
216 876
216 216
216 129
216 217
216 718
216 67
891 444
891 562
891 577
891 87
584 577
584 677
584 286
584 905
584 518
584 303
384 569
384 577
384 309
384 384
384 44
384 771
384 94
384 620
75 375
781 876
781 632
781 351
781 567
781 159
781 781
781 786
781 560
781 207
781 479
781 515
781 51
781 102
781 837
781 983
781 643
781 832
781 813
781 314
781 118
336 776
336 876
336 392
336 345
336 912
336 93
336 428
336 636
336 186
336 833
336 853
625 823
625 375
625 909
625 383
625 560
625 470
625 956
625 912
625 837
625 753
625 319
625 722
625 901
625 915
625 636
625 725
625 427
625 391
625 623
625 975
625 343
625 268
625 663
625 573
625 858
625 267
625 145
383 846
383 776
383 375
383 625
383 383
383 120
383 522
383 801
383 89
383 837
383 319
383 722
383 229
383 901
383 87
383 624
383 379
383 144
383 791
383 242
383 270
383 271
383 653
383 391
383 662
383 962
383 565
383 663
383 684
383 262
383 595
480 375
480 480
480 470
480 89
480 263
480 242
480 38
480 235
480 551
315 104
315 199
315 934
315 750
315 375
315 865
315 843
315 58
315 159
315 392
315 673
315 153
315 546
315 679
315 376
315 420
315 93
315 449
315 521
315 346
315 263
315 767
315 872
315 402
315 924
315 373
315 147
315 996
315 748
315 745
315 727
119 577
119 309
119 730
119 436
236 752
236 823
236 375
236 209
236 425
236 191
236 249
236 709
236 983
236 636
236 48
236 620
685 102
685 178
685 832
817 317
817 988
817 569
817 269
817 973
817 566
817 855
817 577
817 195
817 892
817 735
817 381
817 923
817 666
266 269
266 773
266 876
266 195
266 266
266 889
266 479
266 892
266 19
266 736
266 664
266 243
266 748
266 320
345 116
345 577
345 336
345 345
345 44
345 820
335 569
335 577
335 113
335 19
335 149
408 823
408 561
408 648
408 477
408 408
786 942
786 776
786 876
786 351
786 209
786 153
786 781
786 786
786 889
786 734
786 304
786 446
786 2
786 54
786 936
786 655
947 104
947 993
947 103
947 934
947 569
947 648
947 577
947 55
947 309
947 947
947 433
947 677
947 191
947 709
947 872
947 458
947 941
947 769
760 548
760 577
760 481
760 120
760 609
760 516
760 183
760 969
760 785
733 846
733 548
733 616
733 777
733 155
733 876
733 286
733 425
733 770
733 51
733 178
733 319
733 722
733 263
733 287
733 624
733 456
733 580
733 791
733 958
733 270
733 840
733 133
733 724
733 24
733 672
733 90
733 665
733 56
733 853
733 611
733 995
733 250
733 505
733 318
301 170
301 199
301 942
301 494
301 474
301 679
301 385
301 102
301 255
301 2
301 394
301 30
301 736
301 841
301 203
301 391
301 201
301 502
301 276
300 199
300 375
300 900
300 260
300 309
300 679
300 886
215 823
215 598
215 317
215 988
215 444
215 569
215 648
215 577
215 58
215 932
215 621
215 715
215 408
215 479
215 172
215 449
215 918
215 872
215 517
215 326
215 190
935 199
935 116
935 375
935 13
935 58
935 153
935 935
935 679
935 172
935 438
935 379
935 60
758 199
758 876
758 679
758 473
758 555
254 386
254 934
254 900
254 269
254 260
254 351
254 153
254 408
254 254
254 889
254 679
254 808
254 835
254 736
254 96
254 298
254 407
254 608
27 993
27 103
27 616
27 386
27 756
27 876
27 632
27 932
27 392
27 254
27 27
27 546
27 74
27 292
27 924
27 495
27 832
27 410
27 320
251 251
251 699
251 748
251 849
889 126
889 199
889 942
889 269
889 896
889 773
889 973
889 260
889 876
889 195
889 843
889 932
889 101
889 266
889 786
889 254
889 889
889 33
889 19
889 304
889 639
889 2
889 158
889 394
889 292
889 984
889 721
889 365
889 880
889 454
889 298
889 938
889 780
889 407
889 148
889 804
889 98
889 596
889 751
433 63
433 269
433 973
433 744
433 876
433 195
433 474
433 9
433 947
433 889
433 433
433 380
433 158
433 292
433 984
433 880
433 148
433 76
176 104
176 170
176 993
176 540
176 359
176 375
176 932
176 153
176 300
176 176
176 677
176 470
176 172
176 99
176 925
176 228
374 103
374 375
374 226
374 973
374 309
374 374
374 546
374 346
374 235
659 776
659 876
659 409
659 129
659 44
659 875
659 62
659 476
677 104
677 823
677 361
677 584
677 677
677 956
677 734
677 337
677 488
677 80
677 491
677 225
677 575
560 823
560 375
560 351
560 781
560 625
560 470
560 837
560 87
560 723
560 791
560 653
560 22
560 623
560 268
560 898
481 104
481 993
481 540
481 823
481 638
481 10
481 388
481 577
481 760
481 403
481 120
481 703
481 425
481 609
481 875
481 449
481 918
481 140
481 915
481 121
481 724
481 324
481 980
481 436
481 812
168 876
168 209
168 76
174 577
286 846
286 208
286 386
286 375
286 58
286 159
286 584
286 733
286 906
286 252
286 470
286 837
286 438
286 722
286 983
286 224
286 624
286 402
286 580
286 284
286 723
286 84
286 881
286 996
286 24
286 853
286 592
286 293
286 66
286 595
906 386
906 375
906 58
906 153
906 286
906 470
906 801
906 274
906 319
906 983
906 808
906 402
906 723
906 242
906 84
906 686
906 653
906 881
906 996
906 592
906 85
906 858
906 293
906 595
906 814
500 375
500 503
500 470
500 708
500 609
500 233
500 722
500 398
500 897
500 32
500 813
500 818
503 548
503 199
503 375
503 58
503 932
503 500
503 479
503 304
503 808
503 998
503 725
503 881
503 617
503 516
445 375
445 58
445 932
445 445
445 734
403 375
403 155
403 58
403 954
403 481
403 403
403 120
403 425
403 901
403 983
403 72
403 917
403 456
403 284
403 791
403 725
403 478
403 905
403 724
403 291
403 952
972 876
972 159
972 932
972 392
972 832
482 876
482 482
482 748
951 375
951 567
951 101
951 951
951 983
951 379
951 372
951 478
951 491
951 88
951 391
951 22
951 564
951 719
546 104
546 386
546 773
546 756
546 55
546 876
546 106
546 304
546 394
546 647
546 736
546 555
546 852
546 258
546 250
197 104
197 170
197 443
197 988
197 444
197 577
197 621
197 715
197 197
197 522
197 892
197 428
197 313
197 999
197 516
197 299
129 375
129 260
129 216
129 659
129 705
705 577
705 129
705 705
705 724
33 126
33 199
33 103
33 857
33 900
33 648
33 351
33 58
33 181
33 392
33 889
33 172
33 449
33 734
33 872
33 451
33 506
33 655
33 298
33 662
139 993
139 199
139 423
139 189
139 569
139 13
139 648
139 477
139 577
139 567
139 101
139 420
139 449
139 767
139 16
679 199
679 701
679 561
679 386
679 973
679 260
679 351
679 159
679 932
679 392
679 301
679 254
679 172
679 734
679 394
679 451
679 466
207 823
207 199
207 103
207 635
207 375
207 648
207 781
207 708
207 449
207 178
207 438
207 682
207 996
207 132
207 35
782 359
782 648
782 876
782 782
782 703
782 449
782 914
775 761
775 577
775 735
775 281
46 752
46 11
46 63
46 876
46 351
46 195
46 474
46 392
46 775
46 46
46 263
46 457
46 639
46 735
46 298
46 502
376 199
376 208
376 375
376 69
376 678
376 315
376 376
376 263
376 87
376 643
376 653
376 478
376 672
376 407
376 608
376 694
376 863
376 792
376 898
479 752
479 63
479 386
479 942
479 10
479 776
479 576
479 900
479 269
479 773
479 876
479 195
479 474
479 58
479 159
479 932
479 781
479 266
479 215
479 679
479 563
479 470
479 230
479 51
479 304
479 808
479 72
479 593
479 799
479 872
479 2
479 54
479 164
479 162
479 339
479 699
479 850
479 391
479 454
479 866
479 748
479 471
479 314
479 502
479 78
479 258
479 357
479 92
479 627
479 505
479 81
420 170
420 752
420 993
420 199
420 103
420 635
420 386
420 934
420 375
420 900
420 973
420 195
420 567
420 69
420 159
420 932
420 621
420 309
420 807
420 153
420 315
420 254
420 139
420 679
420 547
420 470
420 179
420 720
420 462
420 99
420 424
420 449
420 51
420 983
420 72
420 872
420 2
420 379
420 723
420 689
420 292
420 984
420 924
420 545
420 461
420 483
420 805
420 662
420 360
420 848
420 804
420 422
420 118
547 868
547 386
547 934
547 10
547 375
547 576
547 569
547 973
547 195
547 69
547 33
547 376
547 470
547 522
547 449
547 892
547 428
547 273
547 438
547 292
252 375
252 69
252 932
252 286
252 252
252 941
252 820
252 505
122 375
122 69
122 546
122 470
122 438
122 366
122 870
563 375
563 69
563 621
563 479
563 470
563 287
563 558
563 534
563 730
563 849
493 375
493 69
493 402
493 41
106 103
106 635
106 375
106 569
106 756
106 69
106 932
106 392
106 935
106 546
106 479
106 106
106 470
106 708
106 438
106 736
106 662
106 138
106 294
106 852
106 258
106 357
470 846
470 548
470 823
470 199
470 635
470 942
470 598
470 26
470 447
470 375
470 697
470 155
470 876
470 69
470 9
470 673
470 625
470 480
470 300
470 935
470 251
470 176
470 560
470 286
470 906
470 500
470 207
470 479
470 420
470 547
470 122
470 563
470 493
470 106
470 470
470 708
470 191
470 99
470 925
470 588
470 230
470 599
470 899
470 991
470 350
470 89
470 51
470 249
470 837
470 521
470 597
470 633
470 753
470 65
470 438
470 319
470 722
470 398
470 709
470 901
470 304
470 263
470 799
470 682
470 897
470 287
470 321
470 671
470 224
470 457
470 2
470 412
470 624
470 54
470 379
470 476
470 498
470 580
470 789
470 723
470 791
470 829
470 463
470 344
470 242
470 702
470 167
470 854
470 270
470 329
470 483
470 653
470 881
470 37
470 699
470 142
470 704
470 121
470 511
470 696
470 165
470 391
470 507
470 617
470 830
470 410
470 811
470 938
470 662
470 534
470 235
470 623
470 975
470 24
470 161
470 544
470 650
470 672
470 713
470 458
470 90
470 716
470 407
470 514
470 353
470 654
470 866
470 132
470 459
470 148
470 928
470 360
470 980
470 460
470 853
470 442
470 314
470 730
470 848
470 565
470 943
470 941
470 611
470 268
470 726
470 47
470 573
470 421
470 422
470 105
470 931
470 607
470 796
470 404
470 743
470 849
470 831
470 434
470 169
470 995
470 182
470 257
470 684
470 66
470 35
470 399
470 405
470 778
470 77
470 574
470 887
470 291
470 519
470 554
470 17
470 318
470 583
470 944
470 436
470 218
470 792
470 960
470 952
470 870
470 595
470 401
470 234
470 794
470 691
470 347
470 118
470 368
470 382
470 641
708 199
708 103
708 635
708 375
708 567
708 69
708 9
708 159
708 932
708 500
708 546
708 207
708 106
708 470
708 65
708 438
708 1
708 829
708 483
708 699
708 511
708 696
708 830
708 654
708 360
708 852
708 422
708 849
708 519
708 839
515 934
515 900
515 195
515 932
515 781
515 428
515 273
515 524
515 458
515 320
515 518
515 611
42 317
42 577
42 621
42 417
42 42
42 642
42 328
42 711
160 773
160 876
160 160
160 571
160 977
160 320
120 846
120 868
120 375
120 383
120 760
120 481
120 403
120 120
120 274
120 178
120 319
120 674
120 901
120 140
120 7
120 572
120 222
120 725
120 270
120 861
120 686
120 982
120 653
120 840
120 507
120 724
120 623
120 544
120 654
120 853
120 663
120 36
120 262
120 921
703 199
703 388
703 876
703 782
703 703
703 425
703 720
703 723
703 491
703 219
703 623
703 575
703 568
425 199
425 13
425 388
425 577
425 236
425 481
425 403
425 703
425 425
425 609
425 720
425 722
425 140
425 974
425 872
425 456
425 710
425 580
425 723
425 977
425 413
425 439
425 24
425 183
425 665
425 980
425 556
609 548
609 776
609 742
609 388
609 909
609 577
609 209
609 760
609 481
609 500
609 425
609 609
609 89
609 438
609 140
609 624
609 456
609 636
609 940
609 789
609 507
609 724
609 24
609 672
609 851
609 836
609 146
179 865
179 351
179 153
179 179
179 394
179 643
179 874
720 311
720 934
720 375
720 388
720 474
720 932
720 481
720 546
720 420
720 703
720 425
720 720
720 462
720 2
720 296
720 498
720 187
720 802
462 386
462 375
462 388
462 932
462 481
462 420
462 703
462 425
462 720
462 449
462 249
462 456
462 498
462 270
57 317
57 988
57 577
57 621
57 892
57 746
956 156
956 561
956 744
956 876
956 58
956 625
956 677
956 956
956 856
956 478
956 391
956 34
956 564
191 823
191 375
191 988
191 648
191 477
191 236
191 947
191 470
191 285
191 709
191 59
191 587
172 993
172 199
172 386
172 857
172 423
172 900
172 497
172 973
172 58
172 159
172 932
172 392
172 309
172 215
172 935
172 33
172 679
172 172
172 263
172 2
172 614
172 394
172 451
172 717
172 298
172 452
172 148
172 143
99 635
99 116
99 375
99 932
99 420
99 470
99 51
99 832
99 662
925 26
925 251
925 470
925 925
925 766
925 438
925 263
925 87
925 650
925 551
925 573
925 17
925 436
925 792
925 691
228 359
228 577
228 176
228 228
44 577
44 932
44 659
44 44
44 930
44 680
264 11
264 79
264 988
264 260
264 876
264 58
264 673
264 264
264 944
465 317
465 375
465 577
465 465
465 186
465 587
465 418
465 41
465 70
206 375
206 260
206 58
206 715
206 206
522 170
522 199
522 13
522 577
522 159
522 932
522 715
522 383
522 197
522 547
522 522
522 661
522 933
522 346
522 643
522 601
522 507
522 502
522 992
588 199
588 635
588 386
588 857
588 189
588 375
588 444
588 973
588 13
588 648
588 334
588 567
588 843
588 309
588 179
588 643
588 938
588 975
588 941
661 577
661 522
661 661
661 53
661 722
661 682
661 412
661 37
875 868
875 375
875 444
875 577
875 409
875 131
875 489
875 659
875 481
875 753
875 722
875 229
875 915
875 940
875 572
875 366
875 271
875 268
875 247
875 250
875 231
987 773
987 973
987 876
987 647
987 188
912 598
912 155
912 477
912 876
912 336
912 625
912 770
912 801
912 644
912 446
912 639
912 506
912 147
912 544
912 40
912 848
912 281
912 241
770 496
770 375
770 733
770 912
770 770
770 837
770 446
770 144
770 387
770 22
230 104
230 375
230 576
230 900
230 569
230 756
230 973
230 577
230 260
230 843
230 932
230 546
230 479
230 470
230 892
230 736
230 448
230 852
230 295
64 577
64 449
93 170
93 985
93 443
93 988
93 577
93 248
93 336
93 93
93 892
93 166
93 53
93 224
93 62
93 488
93 819
93 630
599 375
599 470
599 599
599 753
599 140
599 915
599 62
599 636
599 968
599 353
599 221
599 980
599 816
599 192
599 368
899 375
899 470
991 934
991 375
991 58
991 621
991 248
991 470
991 991
991 449
991 274
991 178
991 692
991 457
991 803
424 386
424 942
424 900
424 58
424 125
424 932
424 254
424 424
424 304
424 1
424 2
424 736
424 668
424 243
424 298
424 586
424 990
424 828
275 616
275 761
275 10
275 576
275 973
275 577
275 351
275 546
275 735
275 587
275 250
275 277
380 876
380 195
380 433
380 380
380 639
380 650
380 76
926 942
926 494
926 738
926 361
926 2
926 358
926 332
449 993
449 823
449 199
449 103
449 496
449 116
449 386
449 189
449 567
449 843
449 58
449 932
449 101
449 392
449 309
449 807
449 153
449 408
449 254
449 33
449 872
449 668
449 529
801 375
801 383
801 906
801 912
801 84
801 623
801 565
801 663
801 36
801 858
801 898
350 375
350 470
350 438
350 671
350 672
350 429
350 353
350 620
637 333
637 208
637 317
637 988
637 576
637 569
637 577
637 932
637 428
637 349
637 466
637 735
637 587
637 47
637 955
274 104
274 823
274 934
274 375
274 560
274 906
274 120
274 991
274 249
274 319
274 229
274 398
274 87
274 412
274 723
274 242
274 745
579 876
579 520
579 901
579 536
579 478
579 890
579 219
579 454
579 544
579 732
579 694
579 112
838 280
838 742
838 876
838 209
838 21
838 151
838 255
838 337
838 664
838 460
838 411
89 375
89 577
89 383
89 470
89 609
89 753
89 178
89 915
89 430
89 498
89 32
89 485
89 957
163 577
163 163
397 876
892 170
892 128
892 561
892 386
892 10
892 953
892 569
892 269
892 973
892 648
892 577
892 195
892 248
892 715
892 266
892 547
892 93
892 428
892 521
892 186
892 721
892 133
892 529
892 735
892 454
892 587
892 981
892 148
892 612
892 70
892 232
892 299
428 317
428 988
428 577
428 715
428 197
428 515
428 892
428 428
428 999
428 819
428 630
428 981
428 190
166 170
166 386
166 317
166 988
166 576
166 577
166 93
166 166
166 53
166 62
166 186
273 375
273 547
273 515
51 199
51 635
51 63
51 386
51 934
51 189
51 375
51 567
51 843
51 58
51 159
51 932
51 392
51 309
51 153
51 781
51 479
51 420
51 449
51 51
51 349
51 886
51 263
51 446
51 296
51 614
51 829
51 461
51 655
51 534
51 544
51 713
51 684
51 118
370 868
370 388
370 577
370 722
933 375
933 522
933 457
933 614
933 483
933 713
933 262
217 821
217 540
217 577
217 715
217 489
217 216
217 892
217 485
3 208
3 988
3 260
3 876
3 589
3 131
3 489
3 679
3 3
520 876
520 579
520 528
520 719
249 280
249 375
249 236
249 470
249 462
249 274
249 249
249 837
249 229
249 87
249 456
249 144
249 271
249 653
249 439
249 235
249 161
249 663
249 36
966 375
966 316
966 947
966 476
385 199
385 578
385 447
385 13
385 648
385 876
385 494
385 301
385 385
385 400
385 478
385 833
385 591
285 104
285 823
285 577
285 632
285 191
285 709
285 250
102 116
102 685
837 846
837 823
837 868
837 375
837 781
837 625
837 383
837 560
837 286
837 470
837 770
837 249
837 837
837 633
837 319
837 229
837 901
837 263
837 321
837 723
837 572
837 791
837 270
837 840
837 48
837 491
837 507
837 623
837 24
837 161
837 672
837 665
837 565
837 268
837 663
837 341
837 858
837 684
837 519
837 145
837 814
837 794
766 868
766 776
766 375
766 925
766 233
766 722
766 398
766 429
521 208
521 900
521 334
521 315
521 892
521 545
521 751
349 11
349 208
349 896
349 876
349 470
349 637
349 51
349 521
349 349
349 72
597 375
597 619
597 470
53 333
53 199
53 988
53 569
53 577
53 932
53 947
53 661
53 93
53 449
53 892
53 428
53 166
53 62
53 16
53 630
53 874
53 190
53 295
530 540
530 761
530 116
530 317
530 648
530 477
530 467
530 577
530 351
530 530
530 133
530 844
19 569
19 973
19 577
19 334
19 876
19 932
19 266
19 335
19 889
19 381
19 320
19 490
798 444
798 613
798 155
798 648
798 477
798 467
798 577
798 798
798 67
798 466
798 559
798 416
633 375
633 470
633 837
633 633
633 412
633 791
633 242
633 565
633 814
346 865
346 843
346 58
346 932
346 673
346 309
346 153
346 315
346 44
346 449
346 162
753 776
753 375
753 625
753 470
753 875
753 599
753 89
753 753
753 65
753 915
753 270
753 413
753 353
753 268
753 684
65 104
65 993
65 540
65 199
65 375
65 648
65 159
65 101
65 392
65 679
65 470
65 708
65 753
65 438
65 734
65 915
65 412
65 284
65 365
65 410
65 460
65 105
178 104
178 170
178 846
178 985
178 823
178 578
178 988
178 444
178 388
178 648
178 577
178 159
178 248
178 685
178 733
178 207
178 120
178 991
178 89
178 892
178 428
178 438
178 140
178 456
178 186
178 819
178 393
178 439
178 735
178 724
178 256
178 183
178 981
178 108
178 202
178 291
178 667
178 396
233 776
233 447
233 375
233 500
233 44
233 766
233 897
233 87
233 412
233 580
233 366
233 483
233 729
233 617
233 541
233 429
233 514
233 91
233 353
233 532
233 183
233 665
233 654
438 846
438 548
438 26
438 375
438 577
438 673
438 119
438 935
438 286
438 207
438 547
438 122
438 106
438 470
438 708
438 609
438 925
438 350
438 521
438 753
438 65
438 178
438 438
438 304
438 1
438 897
438 287
438 321
438 915
438 624
438 54
438 379
438 456
438 6
438 636
438 580
438 284
438 829
438 854
438 483
438 37
438 832
438 975
438 458
438 90
438 353
438 654
438 941
438 47
438 422
438 105
438 849
438 831
438 995
438 399
438 887
438 291
438 519
438 554
438 436
438 792
438 960
438 401
438 234
438 794
438 691
438 802
319 846
319 375
319 625
319 383
319 733
319 470
319 120
319 274
319 837
319 319
319 722
319 229
319 398
319 884
319 430
319 379
319 456
319 723
319 242
319 725
319 271
319 982
319 427
319 617
319 22
319 724
319 429
319 732
319 565
319 268
319 663
319 36
319 904
319 85
319 946
319 622
319 50
319 814
722 776
722 375
722 625
722 383
722 733
722 286
722 500
722 470
722 425
722 661
722 875
722 370
722 766
722 319
722 229
722 901
722 671
722 412
722 636
722 95
722 284
722 791
722 84
722 32
722 982
722 43
722 617
722 623
722 24
722 90
722 353
722 654
722 565
722 663
722 341
722 858
722 583
722 436
722 785
722 676
722 812
674 638
674 578
674 375
674 120
674 430
674 624
674 427
674 724
674 860
882 375
882 842
882 430
882 572
882 982
882 22
882 253
882 622
882 631
338 317
338 876
229 104
229 846
229 375
229 383
229 875
229 274
229 249
229 837
229 319
229 722
229 398
229 671
229 884
229 412
229 430
229 636
229 623
229 663
229 592
229 85
229 946
229 267
229 145
929 993
929 578
929 375
929 932
929 242
929 387
929 982
929 558
929 623
929 132
929 904
929 858
929 279
929 812
929 552
398 868
398 776
398 375
398 695
398 932
398 889
398 500
398 207
398 376
398 470
398 274
398 766
398 319
398 229
398 901
398 671
398 884
398 723
398 791
398 977
398 84
398 686
398 881
398 529
398 848
398 85
398 698
398 645
398 814
709 823
709 375
709 648
709 236
709 947
709 470
709 191
709 449
709 285
709 704
709 466
901 846
901 375
901 932
901 625
901 383
901 403
901 470
901 120
901 837
901 722
901 854
901 32
901 90
901 853
901 592
901 820
901 847
983 752
983 199
983 942
983 79
983 58
983 309
983 781
983 236
983 286
983 906
983 403
983 951
983 774
983 12
983 704
983 235
983 544
983 502
220 988
220 715
220 136
644 156
644 79
644 756
644 155
644 876
644 912
644 692
644 74
644 628
644 495
644 905
644 340
644 894
644 363
644 468
644 582
644 281
508 199
508 208
508 444
508 577
508 932
508 621
508 449
734 208
734 10
734 742
734 269
734 155
734 351
734 153
734 786
734 677
734 445
734 33
734 679
734 734
734 689
734 829
734 242
734 365
734 832
734 478
734 459
734 124
734 575
734 694
734 258
304 199
304 103
304 208
304 561
304 598
304 776
304 375
304 900
304 569
304 269
304 973
304 260
304 195
304 843
304 932
304 101
304 673
304 309
304 786
304 254
304 889
304 503
304 546
304 479
304 470
304 172
304 424
304 438
304 304
304 263
304 736
304 545
304 16
304 454
304 852
304 291
304 990
809 104
809 208
809 189
809 13
809 876
809 679
809 692
809 784
809 281
263 63
263 208
263 776
263 375
263 973
263 474
263 153
263 480
263 315
263 733
263 46
263 376
263 470
263 172
263 449
263 51
263 837
263 346
263 304
263 263
263 682
263 872
263 884
263 791
263 725
263 653
263 938
263 534
263 138
263 407
263 353
263 60
263 565
263 268
263 684
808 104
808 846
808 993
808 823
808 199
808 496
808 208
808 942
808 934
808 189
808 55
808 494
808 351
808 843
808 58
808 159
808 932
808 621
808 392
808 309
808 254
808 889
808 906
808 503
808 479
808 44
808 424
808 449
808 51
808 692
808 825
808 2
808 536
808 723
808 451
808 643
808 448
808 38
808 24
808 608
808 863
808 684
72 823
72 208
72 942
72 932
72 403
72 33
72 479
72 420
72 449
72 349
72 72
72 872
72 771
72 952
918 208
918 934
918 392
918 449
918 918
918 767
593 104
593 208
593 116
593 375
593 797
593 756
593 843
593 159
593 932
593 153
593 546
593 679
593 479
593 736
593 243
593 852
799 103
799 635
799 208
799 386
799 562
799 797
799 334
799 876
799 843
799 932
799 392
799 153
799 546
799 479
799 521
799 545
799 16
799 407
718 11
718 208
718 543
718 896
718 876
718 409
718 216
718 718
1 104
1 616
1 208
1 386
1 934
1 375
1 900
1 973
1 855
1 932
1 309
1 153
1 470
1 708
1 424
1 449
1 892
1 438
1 302
1 607
15 375
15 57
15 799
15 15
15 250
255 985
255 823
255 199
255 11
255 280
255 896
255 876
255 209
255 181
255 151
255 932
255 301
255 838
255 255
255 997
255 706
255 446
255 757
255 426
255 198
255 154
255 856
255 61
255 848
692 79
692 773
692 876
692 159
692 644
692 495
692 905
692 152
692 141
692 340
692 894
692 363
692 890
692 468
692 431
692 582
692 281
682 170
682 993
682 199
682 103
682 116
682 386
682 375
682 351
682 474
682 843
682 159
682 932
682 621
682 673
682 153
682 546
682 207
682 470
682 661
682 734
682 263
682 692
682 682
682 488
682 516
682 694
897 375
897 577
897 500
897 470
897 892
897 233
897 438
897 654
287 985
287 823
287 375
287 236
287 733
287 563
287 470
287 438
287 734
287 287
287 457
287 133
287 448
287 724
287 662
287 713
287 108
917 104
917 823
917 375
917 632
917 417
917 403
917 546
917 767
917 872
917 446
917 486
917 121
917 544
917 986
400 375
400 385
400 337
400 996
238 876
140 752
140 548
140 578
140 888
140 577
140 481
140 120
140 425
140 609
140 599
140 178
140 140
140 62
140 624
140 636
140 723
140 724
140 24
140 672
140 716
140 221
140 980
140 556
140 853
140 108
140 434
140 812
140 557
767 934
767 10
767 189
767 375
767 309
767 417
767 139
767 449
767 487
437 846
437 375
437 396
321 375
321 470
321 837
321 438
321 321
321 665
321 318
671 985
671 375
671 577
671 470
671 350
671 722
671 229
671 671
671 413
671 623
671 24
671 268
671 347
915 776
915 375
915 577
915 481
915 875
915 599
915 89
915 753
915 915
915 413
915 491
915 353
915 268
974 577
974 425
974 805
224 104
224 934
224 159
224 932
224 417
224 286
224 470
224 93
224 224
224 402
224 630
224 996
224 645
872 199
872 742
872 8
872 747
872 876
872 351
872 567
872 125
872 315
872 947
872 215
872 33
872 479
872 420
872 425
872 449
872 263
872 72
872 917
872 614
872 636
872 284
872 835
872 736
872 486
872 545
872 48
872 850
872 88
872 826
872 452
872 24
872 620
872 261
872 326
872 258
872 4
872 863
872 986
278 577
457 116
457 375
457 865
457 900
457 843
457 932
457 392
457 673
457 46
457 470
457 991
457 933
457 287
457 457
457 478
457 713
457 1000
87 823
87 375
87 773
87 494
87 409
87 891
87 383
87 560
87 376
87 925
87 274
87 249
87 233
87 901
87 456
87 789
87 723
87 572
87 203
87 643
87 725
87 655
87 653
87 617
87 565
87 874
87 818
87 50
997 985
997 280
997 876
997 209
997 21
997 181
997 151
997 33
997 255
997 692
997 74
997 337
997 706
997 531
997 446
997 757
997 640
997 426
997 198
997 415
997 154
74 104
74 156
74 540
74 280
74 79
74 876
74 632
74 209
74 21
74 151
74 644
74 997
74 74
74 628
74 905
74 340
74 894
74 363
74 377
74 468
74 138
74 582
74 629
337 985
337 540
337 876
337 21
337 181
337 151
337 392
337 677
337 838
337 400
337 997
337 337
337 531
337 640
337 426
337 198
337 636
337 529
337 1000
706 985
706 280
706 876
706 632
706 209
706 21
706 151
706 255
706 997
706 531
706 757
706 640
706 198
706 415
706 856
531 985
531 103
531 280
531 260
531 876
531 632
531 21
531 181
531 151
531 997
531 337
531 706
531 531
531 446
531 640
531 426
531 664
531 856
531 455
446 561
446 280
446 876
446 632
446 209
446 21
446 151
446 786
446 770
446 51
446 255
446 917
446 997
446 531
446 640
446 534
446 293
757 985
757 280
757 876
757 21
757 181
757 151
757 255
757 997
757 706
757 757
757 640
757 198
757 415
757 941
640 985
640 280
640 876
640 632
640 21
640 159
640 181
640 151
640 997
640 337
640 706
640 531
640 446
640 757
640 426
640 198
640 415
640 154
640 411
426 985
426 280
426 876
426 209
426 181
426 255
426 997
426 337
426 640
426 198
426 415
426 154
426 664
198 876
198 209
198 21
198 181
198 151
198 673
198 255
198 997
198 337
198 706
198 757
198 640
198 426
198 415
415 985
415 280
415 876
415 181
415 151
415 392
415 997
415 706
415 757
415 640
415 426
415 198
415 154
415 211
415 656
154 280
154 876
154 209
154 255
154 997
154 757
154 640
154 426
154 415
639 104
639 657
639 63
639 953
639 562
639 876
639 195
639 474
639 889
639 46
639 912
639 380
639 76
639 231
825 199
825 8
825 467
825 577
825 58
825 932
825 621
825 715
825 679
825 179
825 892
825 808
2 104
2 103
2 635
2 63
2 116
2 386
2 942
2 934
2 375
2 576
2 626
2 269
2 973
2 55
2 260
2 334
2 876
2 494
2 351
2 195
2 474
2 738
2 361
2 125
2 932
2 392
2 786
2 301
2 889
2 679
2 479
2 420
2 172
2 424
2 926
2 808
2 970
2 614
2 16
2 668
2 699
2 712
2 369
2 201
2 646
2 568
2 804
2 143
2 941
2 92
2 47
2 612
2 863
2 707
2 990
2 526
2 768
2 971
2 788
714 942
714 714
714 655
714 748
327 823
327 569
327 577
327 932
327 715
327 734
963 876
963 159
963 832
884 823
884 375
884 319
884 229
884 398
884 263
884 379
884 85
412 375
412 470
412 661
412 274
412 428
412 633
412 65
412 722
412 229
412 412
412 6
412 999
412 572
412 242
412 672
412 980
412 565
412 268
412 404
412 218
109 577
25 444
25 648
25 577
25 466
536 876
536 536
536 34
536 564
536 575
536 40
784 876
784 809
784 658
784 127
784 378
68 577
68 621
68 261
158 973
158 195
158 889
158 433
158 158
158 148
755 104
755 993
755 823
755 375
755 449
755 283
62 333
62 170
62 199
62 616
62 865
62 577
62 843
62 58
62 159
62 932
62 673
62 309
62 659
62 679
62 44
62 93
62 599
62 275
62 892
62 166
62 53
62 140
62 62
62 483
62 735
62 532
62 70
970 199
970 103
970 116
970 260
970 876
970 195
970 474
970 932
970 621
970 889
970 2
970 970
970 591
430 846
430 823
430 577
430 89
430 319
430 674
430 882
430 229
430 430
430 413
430 507
430 650
430 505
624 846
624 578
624 375
624 909
624 383
624 733
624 286
624 470
624 609
624 438
624 674
624 140
624 624
624 789
624 723
624 617
624 724
624 623
624 24
624 672
624 541
624 90
624 716
624 654
624 853
624 200
624 331
54 540
54 375
54 786
54 479
54 470
54 438
54 4
914 876
914 677
914 782
914 914
402 375
402 260
402 315
402 286
402 493
402 224
402 402
402 829
402 213
402 996
402 66
402 553
618 648
618 477
618 577
618 67
618 962
824 578
824 375
824 932
824 715
824 44
824 573
824 796
379 375
379 58
379 309
379 383
379 408
379 935
379 951
379 420
379 470
379 438
379 319
379 884
379 379
379 880
379 372
379 165
379 391
379 805
379 534
379 713
379 693
379 268
379 173
998 503
456 846
456 548
456 868
456 388
456 577
456 733
456 403
456 425
456 609
456 462
456 249
456 178
456 438
456 319
456 87
456 636
456 881
456 724
456 975
456 24
456 256
456 90
456 836
456 268
456 205
456 50
67 598
67 750
67 648
67 477
67 467
67 577
67 843
67 932
67 216
67 798
67 618
67 945
67 559
67 962
67 779
67 20
67 416
6 375
6 577
6 438
6 412
6 439
6 724
6 820
390 11
390 876
390 484
390 356
390 879
390 504
484 11
484 876
484 390
484 749
296 116
296 942
296 648
296 673
296 720
296 51
296 296
296 277
469 577
614 199
614 942
614 909
614 334
614 567
614 474
614 101
614 172
614 51
614 933
614 872
614 2
614 614
614 725
614 668
614 869
614 258
614 870
354 104
354 103
354 761
354 577
354 932
354 580
313 444
313 566
313 577
313 587
476 375
476 659
476 470
476 966
476 329
476 684
476 145
859 199
859 386
859 260
859 876
859 567
859 159
859 889
859 983
859 484
859 365
859 288
185 876
185 872
710 103
710 635
710 375
710 392
710 309
710 425
710 372
710 816
498 375
498 470
498 720
498 462
498 89
498 498
498 95
498 554
636 104
636 170
636 388
636 577
636 932
636 336
636 625
636 236
636 609
636 599
636 438
636 722
636 229
636 140
636 872
636 337
636 456
636 488
636 735
636 161
636 980
636 200
636 472
636 146
636 396
940 170
940 128
940 577
940 609
940 875
940 999
940 413
940 617
940 660
940 52
144 846
144 868
144 375
144 383
144 770
144 249
144 463
144 702
144 167
144 686
144 982
144 834
144 43
144 653
144 881
144 427
144 840
144 37
95 548
95 578
95 375
95 722
95 498
95 284
95 723
95 439
95 724
580 846
580 116
580 10
580 375
580 388
580 932
580 733
580 286
580 470
580 425
580 233
580 438
580 354
580 723
580 24
580 256
580 716
580 851
284 548
284 375
284 286
284 403
284 470
284 65
284 438
284 722
284 872
284 95
284 699
284 672
284 711
789 846
789 548
789 375
789 695
789 932
789 470
789 609
789 87
789 624
789 121
789 724
789 623
789 256
789 541
789 200
789 816
789 820
789 137
171 876
171 484
171 735
171 660
171 190
723 846
723 823
723 776
723 375
723 159
723 932
723 560
723 286
723 470
723 703
723 425
723 837
723 319
723 808
723 140
723 624
723 95
723 580
723 723
723 791
723 84
723 270
723 653
723 840
723 478
723 724
723 534
723 623
723 24
723 161
723 962
723 510
723 745
723 980
723 663
723 422
7 577
7 120
7 7
7 620
581 199
581 876
581 243
689 103
689 876
689 734
689 123
689 490
394 821
394 126
394 199
394 103
394 561
394 386
394 444
394 900
394 569
394 773
394 330
394 260
394 876
394 351
394 501
394 715
394 889
394 546
394 679
394 179
394 172
394 449
394 736
394 936
394 996
394 381
394 555
394 804
759 750
759 577
759 58
759 677
999 988
999 577
999 248
999 197
999 892
999 428
999 734
999 412
999 940
999 473
999 630
999 258
572 846
572 375
572 120
572 875
572 412
572 242
572 429
572 820
30 101
30 301
30 571
791 823
791 868
791 578
791 375
791 153
791 383
791 733
791 560
791 403
791 470
791 837
791 633
791 722
791 398
791 263
791 723
791 702
791 270
791 686
791 617
791 724
791 24
791 161
791 407
791 592
791 684
791 820
791 146
791 812
658 876
658 784
658 253
795 199
795 876
829 104
829 823
829 199
829 375
829 973
829 351
829 567
829 58
829 932
829 621
829 807
829 408
829 679
829 470
829 708
829 51
829 438
829 734
829 402
829 655
829 37
829 135
829 478
829 866
829 874
829 960
292 104
292 900
292 477
292 681
292 525
292 27
292 889
292 433
292 420
292 292
292 984
292 529
292 196
265 311
265 942
265 569
265 269
265 973
265 494
265 474
265 101
265 153
265 889
265 984
265 265
186 317
186 988
186 576
186 577
186 465
186 892
186 819
186 728
949 567
949 924
949 571
949 936
949 365
451 423
451 973
451 13
451 648
451 330
451 843
451 58
451 392
451 236
451 33
451 679
451 172
451 886
451 808
451 451
451 841
451 320
924 199
924 777
924 330
924 351
924 195
924 58
924 101
924 392
924 673
924 309
924 835
924 365
924 725
924 298
924 355
958 932
958 679
958 924
628 156
628 79
628 876
628 254
628 644
628 74
628 628
628 905
628 864
628 340
628 894
628 363
628 377
628 582
628 281
571 330
571 260
571 160
571 949
571 571
506 199
506 103
506 386
506 626
506 876
506 632
506 392
506 889
506 33
506 679
506 424
506 506
721 199
721 63
721 777
721 569
721 973
721 260
721 876
721 351
721 195
721 567
721 474
721 58
721 932
721 392
721 889
721 679
721 892
721 2
721 292
721 721
721 381
741 260
741 876
741 835
741 856
647 973
647 260
647 351
647 889
647 546
647 679
647 987
647 647
647 143
495 104
495 79
495 194
495 773
495 756
495 876
495 159
495 644
495 692
495 495
495 905
495 152
495 141
495 864
495 340
495 894
495 363
495 890
495 468
495 582
495 281
495 895
835 993
835 386
835 900
835 876
835 351
835 58
835 932
835 254
835 33
835 679
835 872
835 924
835 741
835 835
835 736
835 856
835 243
835 261
835 848
835 112
164 761
164 777
164 876
164 567
164 159
164 181
164 33
164 479
164 164
164 539
164 452
164 381
222 199
222 876
222 843
222 309
222 679
222 120
222 886
222 591
908 673
908 679
908 908
908 381
736 103
736 616
736 116
736 386
736 777
736 900
736 569
736 269
736 876
736 351
736 843
736 58
736 159
736 932
736 392
736 309
736 153
736 266
736 408
736 254
736 546
736 230
736 424
736 304
736 872
736 394
736 835
736 736
736 545
736 167
736 243
736 381
736 555
736 78
936 170
936 330
936 260
936 876
936 351
936 101
936 309
936 786
936 679
936 394
936 949
936 924
936 571
936 491
771 103
771 942
771 932
771 673
771 72
771 805
177 577
177 527
177 343
177 39
774 876
774 983
774 491
373 876
373 142
486 540
486 199
486 375
486 449
486 917
486 872
463 104
463 993
463 199
463 103
463 375
463 8
463 351
463 159
463 673
463 309
463 470
463 144
344 104
344 375
344 159
344 470
344 692
344 344
184 103
184 942
184 361
184 101
184 571
184 71
615 540
615 855
615 666
59 821
59 577
59 587
664 280
664 876
664 209
664 151
664 266
664 838
664 426
664 381
664 504
664 923
945 103
945 317
945 577
945 67
945 958
945 945
977 876
977 101
977 160
977 425
977 442
545 199
545 857
545 900
545 876
545 209
545 153
545 420
545 44
545 521
545 872
545 736
545 805
545 662
545 407
545 460
545 608
545 596
545 268
545 604
856 126
856 846
856 985
856 876
856 209
856 181
856 151
856 309
856 951
856 956
856 255
856 706
856 835
856 88
856 73
366 103
366 577
366 715
366 366
242 635
242 375
242 842
242 383
242 480
242 215
242 906
242 470
242 274
242 633
242 319
242 929
242 734
242 263
242 412
242 572
242 488
242 702
242 461
242 725
242 427
242 448
242 830
242 544
242 429
242 853
242 565
242 268
242 592
242 818
242 604
242 441
242 667
509 942
365 104
365 199
365 116
365 386
365 330
365 876
365 58
365 159
365 101
365 889
365 449
365 734
365 859
365 949
365 924
365 958
365 365
365 832
365 288
365 596
358 104
358 199
358 103
358 876
358 494
358 843
358 361
358 159
358 679
358 692
84 104
84 375
84 388
84 286
84 801
84 722
84 398
84 723
84 270
84 38
84 827
84 592
84 898
651 375
651 153
651 651
213 375
213 153
213 346
213 402
213 996
213 779
213 941
213 405
528 876
528 567
528 309
528 153
528 406
841 199
841 616
841 317
841 988
841 55
841 876
841 195
841 474
841 932
841 153
841 301
841 479
841 172
841 2
841 451
841 924
841 841
841 466
841 568
488 386
488 375
488 351
488 58
488 309
488 153
488 677
488 93
488 682
488 636
488 242
488 488
488 491
488 729
488 830
488 778
539 386
539 673
539 417
539 153
539 546
539 521
539 539
203 386
203 10
203 876
203 501
203 392
203 673
203 153
203 301
203 546
203 172
203 872
203 87
203 203
203 725
524 104
524 540
524 756
524 577
524 55
524 260
524 843
524 58
524 932
524 715
524 153
524 546
524 515
524 179
524 292
524 186
524 524
524 662
524 47
123 104
123 857
123 876
123 195
123 567
123 392
123 153
123 546
123 679
123 689
16 635
16 942
16 269
16 153
16 139
16 304
16 799
16 2
16 16
16 133
16 454
16 938
16 748
16 310
16 941
16 612
643 103
643 375
643 155
643 153
643 781
643 376
643 179
643 522
643 808
643 643
643 725
643 507
643 180
643 862
162 942
162 153
162 479
162 346
702 375
702 153
702 470
702 319
702 144
702 791
702 242
702 653
702 592
702 187
702 622
702 898
461 761
461 569
461 577
461 153
461 420
461 51
461 242
461 668
461 830
167 199
167 375
167 900
167 569
167 351
167 58
167 932
167 153
167 470
167 144
167 736
167 381
307 386
307 744
307 334
307 494
307 567
307 932
307 417
307 153
307 679
307 521
307 539
307 805
725 846
725 199
725 375
725 648
725 392
725 153
725 625
725 503
725 403
725 120
725 319
725 263
725 87
725 614
725 924
725 242
725 203
725 643
725 725
725 298
725 938
725 310
725 4
880 103
880 777
880 260
880 876
880 351
880 195
880 843
880 932
880 153
880 889
880 433
880 546
880 679
880 2
880 379
339 269
339 876
339 843
339 153
339 679
339 479
339 179
339 172
339 2
339 339
86 104
86 386
86 865
86 797
86 876
86 153
86 546
86 346
86 524
668 942
668 189
668 494
668 932
668 101
668 153
668 424
668 449
668 2
668 614
668 924
668 850
668 298
668 662
668 748
668 941
668 990
927 104
927 10
927 876
927 153
927 449
927 918
927 365
117 199
117 876
117 567
117 932
117 392
117 153
117 102
117 692
117 731
634 199
634 876
634 494
634 361
634 392
634 546
634 634
819 128
819 317
819 988
819 444
819 577
819 715
819 93
819 428
819 178
819 68
819 186
819 819
819 70
690 598
690 577
690 619
690 782
655 561
655 577
655 351
655 786
655 33
655 51
655 87
655 714
655 829
655 551
655 214
655 261
655 874
323 821
323 317
323 988
323 576
323 569
323 577
323 621
323 248
323 715
323 892
323 428
323 186
323 59
323 466
323 735
323 587
323 70
323 250
323 289
854 375
854 577
854 470
854 438
854 901
854 854
873 569
873 577
873 179
873 729
873 877
356 11
356 657
356 876
356 484
356 749
272 543
272 876
749 876
749 484
749 356
12 104
12 199
12 13
12 876
12 567
12 159
12 932
12 983
240 104
240 993
240 773
240 155
240 876
240 842
240 449
240 240
240 147
240 391
240 672
240 492
240 800
240 502
240 904
765 333
765 823
765 317
765 988
765 444
765 577
765 58
765 248
765 715
765 309
765 275
765 892
765 428
765 59
765 735
765 587
270 375
270 383
270 733
270 470
270 120
270 837
270 753
270 723
270 791
270 84
270 24
270 827
270 421
270 698
270 814
920 823
920 375
920 254
920 38
920 694
920 436
861 375
861 120
861 483
861 43
861 429
861 247
861 83
387 496
387 375
387 770
387 268
387 136
271 375
271 388
271 383
271 875
271 249
271 319
271 982
271 429
271 268
329 578
329 776
329 375
329 932
329 619
329 621
329 470
329 449
329 476
329 329
329 483
329 780
329 399
601 375
601 522
601 882
601 413
147 375
147 912
147 240
413 10
413 577
413 425
413 753
413 671
413 915
413 940
413 413
413 556
32 846
32 375
32 932
32 500
32 89
32 722
32 901
32 32
32 396
686 823
686 868
686 375
686 906
686 120
686 398
686 144
686 791
686 37
686 145
342 876
669 578
669 776
669 375
669 58
669 932
483 540
483 375
483 932
483 470
483 708
483 179
483 933
483 861
483 329
483 665
483 487
483 268
483 419
483 175
80 876
80 677
80 723
80 80
982 375
982 120
982 319
982 882
982 144
982 271
982 982
982 429
982 992
982 684
834 375
834 144
43 846
43 375
43 932
43 254
43 722
43 144
43 861
43 50
653 540
653 823
653 776
653 375
653 8
653 383
653 560
653 376
653 470
653 120
653 249
653 263
653 87
653 144
653 723
653 702
653 653
653 684
653 921
881 823
881 286
881 503
881 456
881 144
881 513
881 667
881 595
427 375
427 625
427 319
427 674
427 882
427 144
427 242
427 601
427 427
427 268
840 846
840 868
840 375
840 888
840 733
840 120
840 837
840 144
840 723
840 840
840 672
840 645
37 375
37 661
37 144
37 442
832 540
832 761
832 116
832 876
832 567
832 181
832 932
832 392
832 673
832 309
832 781
832 685
832 734
832 365
699 942
699 375
699 577
699 876
699 685
699 251
699 479
699 470
699 708
699 515
699 521
699 220
699 2
699 284
699 539
699 227
699 28
699 810
699 538
332 103
332 876
332 494
332 525
332 738
332 361
332 926
332 571
332 332
332 748
332 941
142 103
142 635
142 375
142 843
142 889
142 546
142 33
142 373
142 142
142 959
142 14
393 317
393 577
393 428
393 178
393 313
393 765
393 735
393 746
393 587
393 134
393 244
393 250
48 797
48 577
48 351
48 236
48 837
48 872
48 924
48 48
48 869
48 460
243 386
243 900
243 932
243 392
243 872
243 736
243 243
243 357
704 375
704 159
704 179
704 449
704 709
704 983
704 601
704 704
704 866
135 104
135 375
135 829
135 135
133 170
133 561
133 934
133 375
133 600
133 409
133 733
133 892
133 530
133 287
133 451
133 16
133 391
133 745
133 844
850 876
850 843
850 932
850 479
850 872
850 668
850 258
850 357
372 876
372 383
372 951
372 379
372 710
372 372
372 219
372 127
930 776
930 750
930 444
930 909
930 577
930 58
930 44
930 930
930 343
930 585
478 616
478 777
478 375
478 600
478 648
478 403
478 951
478 376
478 956
478 579
478 385
478 734
478 457
478 723
478 829
478 478
478 448
478 391
478 713
491 104
491 932
491 954
491 677
491 951
491 479
491 703
491 837
491 915
491 936
491 774
491 488
491 805
491 724
491 551
491 245
466 821
466 701
466 561
466 953
466 317
466 444
466 569
466 973
466 648
466 577
466 679
466 637
466 798
466 709
466 466
466 735
466 587
466 517
466 98
905 156
905 561
905 79
905 876
905 159
905 584
905 403
905 644
905 692
905 74
905 628
905 495
905 905
905 152
905 141
905 864
905 340
905 894
905 363
905 890
905 377
905 468
905 582
905 604
152 103
152 79
152 194
152 876
152 692
152 495
152 905
152 152
152 141
152 864
152 340
152 894
152 363
152 890
152 468
152 281
141 156
141 79
141 876
141 692
141 495
141 905
141 152
141 864
141 340
141 894
141 363
141 890
141 377
141 468
864 156
864 103
864 79
864 876
864 628
864 905
864 152
864 141
864 864
864 340
864 894
864 363
864 890
864 468
340 156
340 11
340 79
340 876
340 644
340 692
340 74
340 628
340 495
340 905
340 152
340 141
340 864
340 340
340 894
340 363
340 890
340 468
340 138
340 582
340 281
894 156
894 79
894 773
894 155
894 876
894 644
894 692
894 74
894 628
894 495
894 905
894 152
894 141
894 864
894 340
894 894
894 363
894 890
894 468
894 281
894 895
363 104
363 156
363 79
363 919
363 773
363 756
363 155
363 876
363 932
363 546
363 644
363 692
363 74
363 628
363 495
363 905
363 152
363 141
363 864
363 340
363 894
363 363
363 890
363 468
363 582
363 281
363 895
890 104
890 156
890 79
890 756
890 876
890 579
890 692
890 495
890 905
890 152
890 141
890 864
890 340
890 894
890 363
890 468
890 582
890 281
890 895
377 156
377 993
377 876
377 74
377 628
377 905
377 141
377 377
468 156
468 199
468 79
468 919
468 194
468 876
468 644
468 692
468 74
468 495
468 905
468 152
468 141
468 864
468 340
468 894
468 363
468 890
468 468
468 582
468 281
219 226
219 876
219 954
219 703
219 579
219 372
219 219
219 391
219 574
473 577
473 758
473 428
473 999
473 630
473 735
473 780
630 170
630 306
630 988
630 577
630 93
630 428
630 224
630 999
630 186
630 473
630 630
630 735
630 587
96 993
96 159
96 101
96 408
96 254
96 692
96 924
869 386
869 577
869 334
869 673
869 614
869 48
448 823
448 199
448 942
448 474
448 408
448 230
448 808
448 872
448 478
448 448
448 246
121 934
121 375
121 481
121 470
121 917
121 789
121 303
121 849
121 645
439 333
439 170
439 823
439 444
439 648
439 577
439 101
439 677
439 425
439 44
439 249
439 178
439 6
439 95
439 819
439 439
439 183
529 616
529 269
529 681
529 892
529 292
529 529
225 104
225 317
225 444
225 577
225 260
225 567
225 677
225 679
225 819
225 225
38 993
38 540
38 865
38 973
38 55
38 876
38 409
38 781
38 480
38 263
38 808
38 84
38 920
38 38
38 94
511 375
511 58
511 470
511 708
511 235
558 375
558 563
558 929
558 665
558 607
712 104
712 973
712 679
712 2
712 712
88 876
88 951
88 872
88 856
88 88
88 34
88 127
88 719
88 245
88 73
803 386
803 876
803 58
803 991
803 712
803 803
803 381
913 577
913 913
696 752
696 103
696 116
696 375
696 865
696 13
696 843
696 932
696 621
696 392
696 470
696 708
696 449
696 346
696 996
165 470
165 449
165 273
165 379
165 958
165 941
165 173
391 846
391 496
391 761
391 988
391 876
391 159
391 695
391 673
391 625
391 383
391 301
391 951
391 479
391 470
391 956
391 379
391 723
391 240
391 133
391 478
391 219
391 544
391 492
512 988
512 444
512 577
512 512
512 587
348 909
348 876
348 403
348 837
348 805
348 646
348 596
507 577
507 470
507 120
507 609
507 522
507 837
507 430
507 643
507 353
735 333
735 128
735 821
735 561
735 964
735 576
735 569
735 269
735 648
735 681
735 467
735 577
735 817
735 481
735 775
735 46
735 275
735 637
735 892
735 217
735 62
735 636
735 323
735 765
735 393
735 466
735 473
735 630
735 746
735 724
735 587
735 148
735 533
735 259
735 190
735 70
735 769
735 232
735 711
735 950
735 5
735 414
735 867
735 389
805 876
805 843
805 932
805 309
805 679
805 449
805 379
805 771
805 545
805 307
805 491
805 591
805 693
826 199
826 577
826 932
826 44
826 872
826 826
826 378
729 578
729 375
729 695
729 233
729 488
729 873
302 116
302 876
302 843
302 954
302 1
302 302
302 649
649 104
649 577
649 302
649 649
617 846
617 540
617 375
617 843
617 503
617 679
617 470
617 661
617 449
617 233
617 319
617 722
617 87
617 624
617 940
617 791
617 617
617 623
617 672
617 541
617 980
617 853
617 860
617 726
617 50
617 137
22 104
22 993
22 540
22 823
22 868
22 103
22 776
22 375
22 932
22 781
22 560
22 951
22 770
22 319
22 882
22 488
22 387
22 483
22 94
22 268
830 199
830 375
830 742
830 58
830 470
830 708
830 263
830 242
830 488
830 461
830 830
830 407
830 303
410 375
410 973
410 58
410 27
410 470
410 410
410 406
406 876
406 528
406 410
746 988
746 577
746 715
746 57
746 735
746 746
746 518
717 993
717 942
717 269
717 932
717 172
717 451
717 717
717 611
559 598
559 444
559 648
559 477
559 467
559 577
559 449
559 798
559 67
559 559
559 416
724 868
724 638
724 388
724 577
724 481
724 403
724 705
724 120
724 609
724 178
724 319
724 674
724 287
724 140
724 624
724 456
724 6
724 95
724 789
724 723
724 791
724 491
724 735
724 724
724 833
724 24
724 516
724 90
724 183
724 851
724 820
724 583
724 436
724 727
724 130
454 104
454 199
454 116
454 386
454 857
454 900
454 269
454 973
454 260
454 334
454 876
454 351
454 195
454 474
454 159
454 932
454 392
454 673
454 309
454 889
454 546
454 679
454 479
454 579
454 892
454 304
454 984
454 545
454 365
454 16
454 832
454 381
34 876
34 316
34 956
34 536
34 88
34 34
34 564
34 719
34 239
298 260
298 876
298 351
298 195
298 474
298 159
298 254
298 889
298 33
298 46
298 172
298 424
298 918
298 292
298 984
298 924
298 725
298 668
298 938
298 458
298 748
298 608
298 990
811 823
811 375
811 159
811 932
811 309
811 470
811 449
938 199
938 635
938 189
938 375
938 334
938 58
938 932
938 309
938 889
938 470
938 465
938 588
938 424
938 449
938 263
938 16
938 725
938 466
938 298
938 941
938 612
937 375
937 569
937 260
937 932
937 673
937 46
937 937
937 92
937 737
893 876
893 987
893 407
662 104
662 993
662 635
662 942
662 934
662 375
662 55
662 383
662 33
662 420
662 106
662 470
662 99
662 449
662 287
662 2
662 545
662 524
662 668
662 938
662 672
662 713
662 941
662 607
662 769
662 218
662 870
996 496
996 954
996 309
996 315
996 889
996 286
996 207
996 400
996 224
996 402
996 394
996 213
996 696
996 780
996 66
996 553
996 645
535 375
535 535
535 235
534 375
534 621
534 563
534 470
534 51
534 263
534 446
534 379
534 723
534 534
534 713
534 353
534 743
534 574
534 401
813 199
813 260
813 58
813 392
813 673
813 309
813 781
235 170
235 375
235 673
235 480
235 374
235 470
235 44
235 249
235 983
235 511
235 535
235 161
235 169
235 347
780 993
780 116
780 386
780 857
780 260
780 876
780 195
780 843
780 932
780 954
780 673
780 889
780 451
780 329
780 473
780 996
780 960
623 846
623 635
623 375
623 909
623 58
623 932
623 625
623 560
623 120
623 703
623 801
623 837
623 722
623 929
623 734
623 671
623 624
623 6
623 789
623 723
623 617
623 623
623 672
623 541
623 853
623 268
623 422
623 820
833 993
833 540
833 103
833 116
833 317
833 226
833 876
833 159
833 932
833 309
833 336
833 197
833 385
833 872
833 87
833 724
833 288
452 993
452 199
452 116
452 942
452 857
452 934
452 776
452 900
452 973
452 260
452 351
452 932
452 621
452 309
452 254
452 172
452 449
452 872
452 924
452 164
452 466
975 846
975 375
975 932
975 625
975 470
975 588
975 438
975 456
975 975
127 333
127 156
127 540
127 876
127 58
127 316
127 408
127 956
127 784
127 372
127 88
127 127
127 564
127 568
127 73
24 846
24 10
24 375
24 155
24 909
24 577
24 125
24 932
24 733
24 286
24 470
24 425
24 609
24 837
24 722
24 808
24 140
24 671
24 872
24 624
24 456
24 580
24 723
24 791
24 270
24 724
24 161
24 314
24 268
24 604
24 232
24 812
24 557
305 386
305 942
305 375
305 392
305 470
731 876
256 577
256 178
256 456
256 580
256 789
256 514
256 851
516 170
516 577
516 760
516 503
516 197
516 892
516 682
516 724
516 516
516 299
161 375
161 470
161 249
161 837
161 636
161 723
161 791
161 235
161 24
161 962
161 268
431 199
431 443
431 988
431 569
431 577
431 567
431 692
431 59
431 491
544 104
544 776
544 375
544 248
544 470
544 120
544 912
544 579
544 51
544 983
544 917
544 242
544 391
544 544
544 713
544 108
544 205
650 375
650 470
650 925
650 380
650 430
650 650
650 713
672 846
672 375
672 388
672 577
672 733
672 376
672 470
672 609
672 350
672 837
672 140
672 412
672 624
672 284
672 240
672 840
672 617
672 662
672 623
672 672
672 90
672 4
672 341
672 931
672 711
713 103
713 635
713 375
713 58
713 932
713 309
713 470
713 51
713 933
713 287
713 457
713 379
713 478
713 662
713 534
713 544
713 650
713 713
713 607
713 849
968 375
968 388
968 599
564 846
564 823
564 375
564 501
564 316
564 951
564 956
564 536
564 34
564 127
564 564
564 719
564 73
564 475
564 239
297 657
297 934
297 876
297 474
297 209
297 501
297 932
297 736
297 745
458 375
458 843
458 58
458 392
458 947
458 515
458 984
458 298
962 116
962 750
962 909
962 477
962 577
962 383
962 618
962 67
962 723
962 161
962 965
510 577
510 58
510 159
510 723
227 699
541 578
541 776
541 375
541 695
541 233
541 624
541 789
541 617
541 623
541 853
246 375
246 589
246 131
246 448
246 246
590 577
590 202
90 846
90 577
90 695
90 932
90 733
90 470
90 438
90 722
90 901
90 624
90 456
90 413
90 724
90 672
90 353
90 665
90 785
324 577
324 481
325 876
325 679
381 311
381 777
381 900
381 269
381 497
381 334
381 876
381 195
381 679
381 394
381 924
381 164
381 908
381 736
381 664
381 803
381 381
381 320
381 98
381 570
138 934
138 79
138 444
138 282
138 392
138 263
138 74
138 138
138 594
883 577
763 540
763 577
763 158
395 58
395 932
395 449
551 577
551 932
551 655
551 491
551 551
716 199
716 375
716 159
716 392
716 470
716 102
716 140
716 624
716 580
716 716
407 199
407 942
407 567
407 58
407 309
407 254
407 889
407 33
407 376
407 263
407 791
407 545
407 830
407 893
407 407
407 608
407 268
407 863
407 792
429 447
429 375
429 350
429 766
429 233
429 319
429 572
429 242
429 861
429 271
429 982
429 592
429 622
429 83
196 561
196 577
196 292
196 196
514 104
514 993
514 103
514 375
514 226
514 843
514 159
514 470
514 233
514 615
514 256
514 514
514 995
353 934
353 578
353 375
353 577
353 621
353 673
353 376
353 470
353 599
353 350
353 753
353 438
353 722
353 263
353 915
353 507
353 534
353 814
532 577
532 233
532 62
532 532
532 416
183 577
183 760
183 425
183 178
183 439
183 724
183 654
183 232
665 846
665 577
665 932
665 425
665 837
665 233
665 321
665 483
665 558
665 90
665 665
665 853
654 375
654 470
654 708
654 120
654 233
654 438
654 722
654 897
654 624
654 183
492 280
492 155
492 876
492 209
492 856
492 240
492 391
492 492
492 108
587 821
587 823
587 199
587 577
587 351
587 932
587 715
587 465
587 637
587 892
587 313
587 186
587 59
587 323
587 765
587 466
587 630
587 735
587 533
587 259
587 378
587 867
866 635
866 386
866 375
866 155
866 260
866 58
866 159
866 932
866 309
866 546
866 479
866 470
866 829
866 279
362 104
362 103
362 648
362 577
362 362
790 351
790 58
790 449
790 790
790 487
221 375
221 599
221 140
981 577
981 619
981 892
981 428
739 876
739 739
748 104
748 103
748 311
748 386
748 934
748 576
748 797
748 876
748 494
748 351
748 195
748 315
748 266
748 408
748 254
748 251
748 482
748 479
748 734
748 714
748 736
748 545
748 16
748 668
748 483
748 332
748 298
748 458
748 748
748 214
748 78
748 941
527 577
527 932
527 177
527 20
527 343
527 39
851 638
851 577
851 609
851 580
851 724
851 256
851 812
132 993
132 375
132 101
132 309
132 207
132 470
132 449
836 577
836 248
836 609
836 456
836 836
28 699
459 199
459 443
459 375
459 681
459 260
459 843
459 58
459 932
459 101
459 309
459 584
459 889
459 33
459 470
459 449
459 734
459 692
459 292
459 984
459 410
459 41
369 942
369 525
369 361
369 2
555 900
555 260
555 876
555 843
555 501
555 758
555 546
555 394
555 736
555 243
555 188
61 569
61 577
61 255
61 848
214 876
214 494
214 655
214 748
214 214
124 103
124 876
124 734
124 984
124 655
148 104
148 993
148 386
148 269
148 973
148 876
148 195
148 673
148 889
148 433
148 679
148 470
148 172
148 892
148 158
148 735
148 148
148 76
148 169
94 821
94 386
94 934
94 10
94 317
94 648
94 477
94 577
94 715
94 193
745 942
745 909
745 315
745 274
745 723
745 133
745 297
745 745
745 946
928 993
928 540
928 635
928 375
928 351
928 932
928 621
928 392
928 470
928 424
928 449
928 928
928 754
56 375
56 569
56 843
56 58
56 932
56 621
56 56
56 810
371 823
371 876
487 189
487 375
487 58
487 932
487 309
487 546
487 449
487 767
487 483
487 790
487 800
360 375
360 420
360 470
360 708
360 360
779 104
779 776
779 577
779 501
779 621
779 67
779 213
779 779
779 291
779 606
980 375
980 444
980 481
980 470
980 425
980 599
980 428
980 140
980 412
980 636
980 723
980 617
980 980
556 577
556 425
556 140
556 413
556 980
556 969
460 104
460 470
460 838
460 545
460 460
460 533
471 648
471 477
471 577
471 479
471 59
201 104
201 199
201 386
201 942
201 189
201 525
201 567
201 361
201 58
201 932
201 301
201 679
201 926
201 2
201 201
201 357
201 92
201 707
201 526
201 768
533 648
533 477
533 577
533 567
533 159
533 449
533 735
533 587
533 460
853 846
853 578
853 375
853 388
853 336
853 733
853 286
853 470
853 120
853 285
853 901
853 140
853 624
853 242
853 617
853 623
853 541
853 665
853 853
853 607
853 820
853 234
853 347
719 876
719 951
719 520
719 88
719 34
719 564
719 719
719 732
719 245
20 577
20 567
20 58
20 309
20 44
20 449
20 67
20 292
20 984
20 527
20 727
860 638
860 577
860 674
860 617
860 860
180 878
180 876
180 643
180 455
288 189
288 330
288 260
288 876
288 159
288 101
288 679
288 859
288 186
288 365
288 833
288 288
575 648
575 876
575 677
575 703
575 734
575 536
732 375
732 579
732 319
732 719
732 210
210 375
210 732
60 375
60 935
60 263
60 534
60 60
60 611
364 876
364 364
364 979
442 375
442 470
442 977
442 37
442 691
979 876
979 932
979 449
979 364
979 979
314 781
314 24
314 314
314 986
134 569
134 577
134 621
134 485
108 752
108 878
108 577
108 178
108 287
108 140
108 544
108 492
108 108
108 422
108 967
245 876
245 677
245 372
245 491
245 88
245 719
18 868
18 638
18 577
730 119
730 563
730 470
730 730
730 620
320 569
320 797
320 269
320 648
320 876
320 195
320 932
320 621
320 673
320 266
320 679
320 515
320 160
320 19
320 451
320 381
320 320
646 104
646 993
646 823
646 103
646 942
646 756
646 58
646 159
646 932
646 392
646 309
646 254
646 546
646 449
646 2
646 924
646 491
646 348
646 71
620 876
620 932
620 384
620 236
620 350
620 872
620 7
620 730
620 620
620 820
40 63
40 269
40 876
40 912
40 536
261 386
261 10
261 157
261 576
261 577
261 872
261 68
261 292
261 984
261 835
261 655
261 261
261 112
848 900
848 569
848 973
848 577
848 932
848 420
848 470
848 255
848 835
848 848
582 156
582 79
582 773
582 876
582 644
582 692
582 74
582 628
582 495
582 905
582 340
582 363
582 890
582 468
582 582
582 629
582 895
565 776
565 375
565 330
565 383
565 470
565 801
565 837
565 633
565 319
565 722
565 263
565 671
565 87
565 412
565 723
565 242
565 353
565 814
642 577
642 619
642 42
642 642
45 985
45 561
45 876
45 159
45 723
45 455
844 942
844 648
844 621
844 530
844 133
844 844
517 444
517 392
237 876
608 199
608 942
608 776
608 900
608 13
608 260
608 351
608 254
608 679
608 376
608 808
608 394
608 545
608 298
608 407
608 268
608 418
943 993
943 843
943 470
943 925
568 942
568 569
568 195
568 474
568 703
568 2
568 310
874 199
874 942
874 179
874 87
874 655
874 874
874 870
200 104
200 577
200 624
200 636
200 789
680 577
680 44
591 386
591 269
591 973
591 876
591 494
591 385
591 158
591 970
591 721
591 222
591 805
312 750
312 648
312 467
312 577
312 312
518 317
518 444
518 577
518 58
518 621
518 715
518 515
518 892
518 819
518 746
518 517
688 444
688 577
688 688
902 199
902 103
902 386
902 988
902 569
902 269
902 577
902 351
902 195
902 567
902 932
902 715
902 44
902 449
902 186
902 902
902 871
212 985
212 103
212 577
212 924
212 485
455 985
455 199
455 103
455 878
455 116
455 260
455 876
455 932
455 531
455 180
455 45
455 455
800 199
800 116
800 317
800 577
800 260
800 744
800 215
800 44
800 449
310 104
310 126
310 103
310 648
310 876
310 474
310 172
310 16
310 725
310 568
326 855
326 577
326 215
326 872
326 326
253 657
253 317
253 375
253 882
253 658
253 802
502 199
502 103
502 386
502 375
502 260
502 567
502 474
502 932
502 101
502 301
502 46
502 479
502 522
502 983
502 240
502 502
804 116
804 386
804 942
804 423
804 569
804 973
804 494
804 932
804 889
804 420
804 172
804 2
804 394
804 736
804 941
804 277
259 577
259 932
259 679
259 186
259 59
259 466
259 735
259 587
110 876
98 973
98 876
98 673
98 889
98 679
98 924
98 466
98 381
693 199
693 876
693 379
693 805
693 693
754 104
754 26
754 756
754 876
754 195
754 501
754 394
754 550
694 375
694 376
694 579
694 521
694 734
694 682
694 488
694 920
694 858
294 104
294 375
294 294
352 104
352 103
352 311
352 876
352 393
276 103
276 567
276 843
276 932
276 392
276 408
276 301
276 679
276 886
464 444
464 577
464 309
464 449
464 523
852 63
852 561
852 269
852 876
852 125
852 546
852 106
852 708
852 230
852 304
852 593
852 736
852 86
852 258
112 104
112 386
112 577
112 579
112 835
112 261
367 577
367 843
367 932
367 621
367 59
367 832
367 466
367 367
596 199
596 761
596 116
596 189
596 876
596 351
596 567
596 159
596 392
596 309
596 889
596 679
596 449
596 886
596 924
596 545
596 365
596 491
78 942
78 569
78 773
78 648
78 477
78 351
78 479
78 736
143 63
143 386
143 942
143 973
143 195
143 159
143 932
143 392
143 673
143 309
143 254
143 172
143 449
143 2
143 647
143 143
143 683
258 103
258 269
258 773
258 876
258 195
258 843
258 932
258 546
258 479
258 106
258 734
258 872
258 614
258 999
258 850
258 852
258 258
258 357
281 79
281 194
281 773
281 876
281 392
281 775
281 912
281 644
281 809
281 692
281 628
281 495
281 152
281 340
281 894
281 363
281 890
281 468
411 280
411 876
411 21
411 181
411 151
411 838
411 640
879 876
879 679
879 424
879 390
879 879
879 504
504 777
504 973
504 744
504 876
504 390
504 664
504 879
504 504
357 199
357 103
357 386
357 942
357 351
357 843
357 58
357 159
357 932
357 479
357 872
357 243
357 850
357 201
357 258
357 357
827 128
827 317
827 443
827 375
827 715
827 84
827 270
343 750
343 577
343 625
343 44
343 177
343 930
343 527
343 39
675 375
675 254
675 675
941 635
941 63
941 375
941 269
941 55
941 334
941 494
941 525
941 195
941 932
941 947
941 254
941 252
941 470
941 588
941 449
941 2
941 213
941 16
941 668
941 332
941 938
941 662
941 748
941 804
941 47
941 870
611 993
611 116
611 375
611 269
611 932
611 417
611 733
611 470
611 515
611 2
611 717
611 60
611 611
611 188
4 375
4 621
4 872
4 54
4 725
4 672
188 199
188 386
188 876
188 987
188 555
188 611
188 188
107 823
107 103
107 577
107 159
107 932
107 309
107 44
107 449
107 918
107 692
107 107
107 485
73 876
73 856
73 88
73 127
73 564
700 199
700 116
700 444
700 282
700 876
751 199
751 635
751 311
751 260
751 876
751 567
751 101
751 392
751 947
751 889
751 521
751 490
751 550
490 876
490 309
490 19
490 734
490 689
490 751
490 490
490 277
49 540
49 942
49 934
49 678
49 807
49 998
49 16
268 170
268 375
268 409
268 625
268 560
268 470
268 875
268 837
268 753
268 319
268 263
268 671
268 915
268 412
268 379
268 456
268 545
268 242
268 387
268 271
268 483
268 427
268 22
268 623
268 24
268 161
268 407
268 608
268 663
268 858
268 684
268 441
268 145
268 595
247 846
247 375
247 875
247 861
247 684
499 375
76 104
76 116
76 973
76 876
76 195
76 673
76 433
76 168
76 679
76 380
76 639
76 158
76 148
76 76
205 386
205 577
205 932
205 456
205 366
205 544
205 205
663 375
663 625
663 383
663 120
663 801
663 249
663 837
663 319
663 722
663 229
663 723
663 268
663 145
36 375
36 120
36 801
36 249
36 319
36 145
418 776
418 375
418 577
418 842
418 309
418 254
418 479
418 465
418 608
418 418
418 41
652 577
652 567
592 375
592 286
592 229
592 901
592 791
592 242
592 84
592 429
592 441
815 577
959 375
959 142
92 199
92 103
92 635
92 116
92 942
92 973
92 260
92 876
92 159
92 932
92 254
92 479
92 2
92 937
92 201
92 707
737 103
737 443
737 375
737 937
737 737
726 375
726 470
726 617
341 578
341 577
341 695
341 837
341 722
341 672
660 638
660 988
660 569
660 577
660 715
660 940
660 59
660 746
660 660
550 773
550 932
550 754
47 104
47 823
47 199
47 386
47 934
47 375
47 55
47 494
47 843
47 159
47 309
47 470
47 449
47 637
47 438
47 2
47 366
47 358
47 524
47 941
450 375
450 572
450 267
485 199
485 537
485 317
485 101
485 715
485 485
573 375
573 932
573 625
573 470
573 824
435 577
871 199
871 386
871 569
871 577
871 798
871 59
871 902
871 800
871 485
187 375
187 720
187 702
187 187
187 684
187 399
187 137
421 776
421 470
421 882
421 270
421 887
422 635
422 386
422 375
422 932
422 420
422 470
422 708
422 438
422 723
422 623
422 407
422 108
422 422
818 375
818 58
818 500
818 449
818 818
904 375
904 319
904 929
904 240
904 601
904 147
904 904
904 303
904 606
105 635
105 386
105 375
105 55
105 876
105 932
105 546
105 470
105 179
105 65
105 438
105 105
39 569
39 577
39 177
39 690
39 362
39 527
39 343
931 375
931 470
931 672
931 931
810 10
810 260
810 449
810 56
810 810
728 577
728 186
728 728
969 577
969 760
969 556
969 969
85 375
85 906
85 319
85 229
85 398
85 884
85 604
607 638
607 635
607 375
607 470
607 1
607 662
607 713
796 375
796 988
796 470
796 796
858 375
858 209
858 625
858 560
858 286
858 906
858 801
858 837
858 722
858 929
858 671
858 723
858 982
858 623
858 694
858 268
858 441
858 645
858 898
612 311
612 63
612 386
612 942
612 494
612 195
612 474
612 892
612 2
612 16
612 938
612 612
303 577
303 584
303 121
303 830
303 250
513 569
513 577
513 715
513 465
513 67
513 881
513 667
290 157
290 569
290 577
404 375
404 388
404 470
404 412
404 97
190 988
190 569
190 577
190 248
190 892
190 428
190 186
190 735
190 190
419 104
419 993
419 540
419 103
419 577
419 58
419 734
419 483
419 630
419 903
244 577
244 392
328 577
328 567
328 932
328 621
328 42
328 872
328 328
863 199
863 103
863 942
863 254
863 376
863 808
863 872
863 2
863 407
472 993
472 569
472 577
472 260
472 636
472 472
14 577
14 260
14 567
41 375
41 493
41 465
41 418
816 548
816 375
816 546
816 599
816 710
816 789
816 192
150 577
293 104
293 375
293 58
293 286
293 906
293 446
743 375
743 470
743 534
70 333
70 317
70 988
70 577
70 621
70 715
70 449
70 892
70 428
70 819
70 466
70 735
70 587
202 577
202 178
202 590
175 569
175 577
175 619
175 483
523 577
793 577
100 577
100 100
849 635
849 375
849 251
849 563
849 470
849 708
849 925
849 438
849 224
849 121
849 713
849 928
849 607
849 554
849 17
849 794
831 635
831 375
831 159
831 621
831 309
831 546
831 470
831 515
831 438
831 886
594 375
594 138
570 577
570 351
570 381
570 570
434 375
434 140
434 434
787 648
787 477
787 577
787 416
192 375
192 58
192 599
192 816
911 199
911 648
911 477
911 577
911 58
911 798
911 559
911 911
211 577
211 546
211 415
769 761
769 375
769 260
769 417
769 947
769 521
769 735
769 662
769 676
769 847
948 375
169 148
976 569
976 477
976 577
976 932
976 309
976 428
976 976
976 241
586 386
586 942
586 423
586 932
586 424
586 381
586 586
923 423
923 973
923 577
923 817
923 664
939 375
995 104
995 993
995 934
995 375
995 477
995 577
995 351
995 843
995 932
995 392
995 673
995 733
995 470
995 438
995 514
995 995
922 900
922 577
992 577
992 522
992 982
992 645
683 993
683 942
683 269
683 351
683 392
683 158
683 647
683 143
683 683
97 375
97 470
97 404
250 156
250 103
250 776
250 576
250 900
250 577
250 932
250 248
250 733
250 546
250 285
250 15
250 571
250 393
250 250
182 470
862 375
862 346
604 375
604 843
604 309
604 545
604 242
604 905
604 24
604 85
629 104
629 103
629 317
629 577
629 254
629 465
629 74
629 582
629 895
629 762
232 776
232 577
232 621
232 892
232 735
232 24
232 183
232 261
299 170
299 128
299 577
299 621
299 197
299 892
299 516
711 577
711 159
711 42
711 892
711 284
711 735
711 672
711 711
257 375
257 159
257 529
986 199
986 776
986 577
986 917
986 872
986 314
684 776
684 375
684 383
684 470
684 51
684 837
684 753
684 263
684 808
684 476
684 791
684 982
684 653
684 268
684 247
684 187
684 818
684 552
666 934
666 375
666 855
666 817
666 615
66 199
66 375
66 286
66 44
66 674
66 402
66 996
946 375
946 319
946 229
946 745
946 946
35 375
35 207
35 470
35 35
295 386
295 375
295 467
295 230
295 449
295 53
295 295
399 375
399 470
399 925
399 329
399 187
399 399
399 318
405 375
405 626
405 600
405 470
405 213
441 375
441 268
441 592
707 104
707 386
707 942
707 2
707 201
707 92
707 768
231 548
231 577
231 875
231 639
895 79
895 194
895 577
895 495
895 894
895 363
895 890
895 582
895 629
778 170
778 375
778 470
778 488
77 375
77 742
77 673
77 470
77 366
77 77
77 916
289 577
289 474
289 323
289 190
806 375
806 470
806 806
627 752
627 375
627 58
627 479
820 10
820 577
820 345
820 252
820 901
820 872
820 6
820 789
820 572
820 791
820 724
820 623
820 853
820 620
136 477
136 577
136 220
574 375
574 58
574 470
574 219
574 534
574 743
574 401
622 375
622 319
622 882
622 702
622 429
622 347
505 386
505 375
505 577
505 479
505 252
505 969
505 505
887 104
887 386
887 375
887 470
887 438
887 421
887 887
355 386
355 942
355 900
355 269
355 361
355 932
355 673
355 479
355 292
355 924
291 375
291 747
291 309
291 403
291 470
291 178
291 438
291 304
291 779
291 553
291 137
957 578
957 375
957 89
957 957
740 577
740 428
740 969
553 104
553 386
553 375
553 402
553 996
553 291
553 553
262 846
262 375
262 383
262 120
262 933
262 924
950 333
950 537
950 577
950 735
519 375
519 159
519 695
519 621
519 470
519 708
519 837
519 438
519 410
223 375
554 104
554 375
554 470
554 438
554 498
554 849
698 128
698 317
698 443
698 375
698 715
698 270
698 898
885 648
885 577
885 381
885 885
17 375
17 159
17 470
17 925
17 17
839 116
839 375
839 470
839 708
318 375
318 733
318 470
318 321
318 399
318 318
583 104
583 846
583 540
583 375
583 470
583 44
583 722
583 724
549 942
944 386
944 375
944 470
944 264
944 944
173 577
173 195
173 379
173 165
204 375
204 392
436 26
436 375
436 119
436 481
436 470
436 925
436 438
436 722
436 920
436 724
436 436
241 578
241 577
241 912
241 428
241 976
631 104
631 375
631 882
631 631
416 648
416 477
416 467
416 577
416 798
416 67
416 559
416 532
416 787
279 386
279 375
279 843
279 932
279 929
279 866
279 205
279 279
667 577
667 178
667 242
667 881
667 513
218 104
218 170
218 199
218 375
218 159
218 470
218 412
218 662
603 375
267 496
267 577
267 625
267 229
267 450
146 577
146 609
146 636
146 791
146 146
645 375
645 398
645 224
645 840
645 121
645 996
645 992
645 606
792 375
792 376
792 470
792 925
792 407
960 375
960 470
960 438
960 829
960 736
960 780
277 375
277 494
277 843
277 679
277 275
277 296
277 804
277 490
145 199
145 375
145 625
145 546
145 837
145 229
145 476
145 686
145 268
145 663
145 36
145 145
378 577
378 784
378 826
378 587
785 868
785 577
785 760
785 722
785 284
785 90
785 727
50 375
50 633
50 319
50 87
50 456
50 723
50 43
50 617
676 375
676 722
812 578
812 375
812 481
812 722
812 929
812 140
812 791
812 24
812 851
812 847
952 386
952 375
952 567
952 403
952 470
952 72
952 952
475 104
475 375
475 564
967 577
967 932
967 108
396 577
396 437
396 636
870 635
870 375
870 467
870 546
870 122
870 470
870 614
870 662
870 874
870 941
595 375
595 383
595 286
595 906
595 470
595 881
595 268
5 821
5 317
5 569
5 577
5 735
877 577
877 873
606 103
606 386
606 26
606 375
606 569
606 697
606 843
606 621
606 248
606 479
606 779
606 904
606 645
606 606
916 577
916 621
401 104
401 823
401 199
401 375
401 309
401 470
401 438
401 534
814 823
814 375
814 417
814 906
814 837
814 633
814 319
814 398
814 263
814 723
814 270
814 91
814 353
814 592
193 375
193 94
193 193
234 635
234 375
234 932
234 470
234 438
234 853
234 847
557 170
557 577
557 140
557 24
557 557
898 823
898 375
898 560
898 376
898 801
898 723
898 84
898 702
898 858
898 698
990 942
990 424
990 304
990 2
990 668
990 298
794 375
794 837
794 849
453 942
453 394
691 375
691 470
691 925
691 438
691 442
347 671
347 622
347 347
772 577
772 113
772 366
772 485
542 375
542 306
542 91
727 846
727 577
727 315
727 724
727 20
727 785
81 199
81 626
81 569
81 477
81 681
81 577
81 932
81 479
81 158
81 81
414 577
414 735
764 375
822 199
822 477
822 577
822 932
822 734
994 648
994 477
994 577
921 375
921 120
921 653
867 577
111 375
239 443
239 375
239 933
239 34
239 564
656 569
656 577
656 415
656 485
847 375
847 901
847 812
847 234
910 375
538 306
538 699
552 375
552 929
552 263
552 684
802 375
802 470
802 720
802 253
845 577
907 199
907 932
130 577
130 724
149 577
149 589
149 113
149 335
585 577
585 930
308 375
526 942
526 2
526 201
526 364
961 577
331 846
331 375
331 624
432 388
432 577
118 540
118 199
118 386
118 375
118 932
118 673
118 781
118 420
118 470
118 179
118 51
118 832
118 118
83 375
83 861
83 429
368 375
368 470
368 599
605 375
23 375
23 23
29 375
382 375
382 470
137 386
137 375
137 932
137 449
137 789
137 187
137 291
283 375
283 755
283 283
641 375
641 470
641 925
670 375
1000 375
1000 872
1000 457
1000 337
1000 713
955 375
955 637
955 998
978 375
31 375
114 444
114 569
114 577
114 715
52 569
52 577
52 940
903 577
903 419
762 577
762 629
828 386
828 577
828 424
768 386
768 942
768 2
768 201
768 92
768 707
971 942
971 2
788 942
788 2
389 577
389 735
965 750
965 577
965 962
965 965
