source target
420 420
420 430
420 435
420 574
792 479
792 410
792 678
792 826
792 675
619 688
619 567
619 410
619 445
619 805
619 451
619 613
619 571
619 810
619 412
619 117
619 670
619 581
619 667
619 661
619 572
619 623
619 263
619 884
619 317
758 692
758 475
758 564
758 565
758 567
758 599
758 552
758 432
758 410
758 560
758 600
758 73
758 571
758 601
758 820
758 667
758 661
758 659
758 824
758 762
758 850
758 853
758 259
758 332
793 793
772 772
772 676
772 688
772 394
772 749
772 634
772 635
772 434
772 606
772 586
772 750
772 953
772 625
772 958
772 959
772 955
772 589
772 967
772 922
772 956
772 668
782 782
782 688
782 477
782 599
782 432
782 397
782 635
782 29
782 433
782 434
782 401
782 449
782 441
782 456
782 415
4 6
4 7
4 16
4 2
4 24
4 410
4 38
4 400
4 411
4 47
4 65
4 67
4 91
4 412
4 101
4 102
4 106
4 110
4 403
4 123
4 413
4 134
4 414
4 144
4 146
4 148
4 149
4 150
4 415
4 166
4 176
4 182
4 186
4 416
4 200
4 212
4 213
4 214
4 219
4 222
4 417
4 418
4 245
4 264
4 328
4 336
4 419
4 377
692 758
692 692
692 674
692 599
692 432
692 635
692 773
692 446
692 913
692 448
692 600
692 53
692 613
692 412
692 914
692 119
692 125
692 925
692 695
692 915
692 926
692 927
692 928
692 929
692 931
692 415
692 995
692 997
692 861
5 420
5 5
5 9
5 421
5 393
5 2
5 41
5 422
5 57
5 58
5 423
5 424
5 197
5 425
5 320
6 4
6 6
6 2
6 426
6 410
6 427
6 411
6 50
6 65
6 428
6 101
6 424
6 414
6 145
6 147
6 148
6 290
6 429
430 420
430 29
430 433
430 406
431 688
431 477
431 18
431 800
431 733
431 595
7 420
7 4
7 430
7 431
7 7
7 9
7 393
7 2
7 432
7 433
7 434
7 37
7 38
7 41
7 400
7 435
7 46
7 65
7 70
7 436
7 84
7 437
7 91
7 109
7 120
7 129
7 131
7 413
7 149
7 151
7 163
7 169
7 177
7 183
7 184
7 201
7 438
7 439
7 278
7 358
7 361
575 575
575 394
575 24
575 410
575 665
575 59
575 67
575 76
575 580
575 91
575 92
575 108
575 414
575 144
575 151
575 602
575 177
575 186
575 201
575 582
575 849
575 684
576 24
576 410
576 577
576 104
576 582
576 706
576 685
576 849
576 861
576 285
8 420
8 8
8 2
8 440
8 441
8 86
8 187
9 5
9 7
9 393
9 394
9 2
9 442
9 432
9 443
9 398
9 444
9 27
9 433
9 445
9 446
9 447
9 448
9 401
9 449
9 402
9 55
9 58
9 450
9 451
9 75
9 436
9 452
9 453
9 423
9 454
9 403
9 455
9 456
9 457
9 458
9 459
9 460
9 461
9 462
9 408
9 409
9 255
9 463
9 464
9 465
475 475
475 651
475 434
475 939
676 772
676 756
676 620
676 393
676 394
676 566
676 552
676 767
676 397
676 635
676 748
676 664
676 666
676 555
676 697
676 440
676 422
676 768
676 94
676 951
676 914
676 981
676 953
676 987
676 955
676 829
676 648
10 466
10 2
10 43
10 77
10 436
10 93
10 403
10 171
10 416
10 208
10 467
11 12
11 468
11 2
11 395
11 469
11 470
11 55
11 58
11 64
11 65
11 66
11 71
11 75
11 87
11 471
11 130
11 472
11 189
11 205
11 207
11 220
11 239
11 260
11 473
11 474
11 282
11 285
11 294
11 354
11 360
786 786
786 599
786 482
786 635
786 486
786 448
786 402
786 687
756 756
756 658
756 476
756 393
756 635
756 574
756 784
756 254
689 421
689 479
689 635
689 446
689 447
689 711
689 402
689 769
689 458
689 193
689 520
466 10
466 421
466 635
466 27
466 773
466 446
466 492
466 733
466 595
658 756
658 938
658 677
658 482
658 397
658 663
658 635
658 484
658 485
658 444
658 664
658 401
658 68
658 506
658 717
658 615
658 939
658 536
476 420
476 756
476 421
476 393
476 12
476 468
476 632
476 478
476 479
476 396
476 482
476 397
476 398
476 444
476 486
476 29
476 30
476 447
476 491
476 664
476 399
476 401
476 597
476 574
476 422
476 57
476 65
476 87
476 112
476 784
476 130
476 153
476 459
476 776
476 533
476 260
476 536
620 676
620 566
620 677
620 635
620 664
620 666
620 47
620 806
620 56
620 678
620 966
620 93
620 94
620 454
620 500
620 111
620 921
620 112
620 403
620 501
620 113
620 114
620 471
620 951
620 115
918 918
918 635
918 716
918 425
918 997
688 619
688 772
688 782
688 431
688 688
688 749
688 469
688 410
688 744
688 400
688 402
688 606
688 571
688 111
688 669
688 456
688 673
688 192
688 687
688 625
688 712
688 995
421 475
421 689
421 466
421 421
421 393
421 563
421 395
421 482
421 445
421 446
421 447
421 436
421 499
421 595
421 690
393 9
393 421
393 393
393 395
393 552
393 396
393 634
393 482
393 398
393 444
393 29
393 445
393 447
393 492
393 3
393 574
393 402
393 450
393 571
393 456
393 404
393 405
393 162
393 727
393 518
393 737
393 771
393 533
12 420
12 430
12 431
12 9
12 475
12 11
12 476
12 421
12 393
12 468
12 394
12 477
12 478
12 2
12 479
12 480
12 395
12 481
12 396
12 482
12 442
12 443
12 483
12 397
12 484
12 485
12 398
12 444
12 486
12 28
12 487
12 488
12 433
12 445
12 489
12 490
12 447
12 491
12 470
12 492
12 434
12 493
12 399
12 494
12 495
12 3
12 401
12 435
12 402
12 57
12 65
12 496
12 450
12 497
12 498
12 436
12 499
12 423
12 500
12 403
12 501
12 130
12 502
12 503
12 504
12 455
12 505
12 506
12 507
12 508
12 458
12 509
12 510
12 511
12 512
12 405
12 513
12 514
12 515
12 461
12 472
12 516
12 517
12 518
12 519
12 520
12 521
12 522
12 207
12 523
12 408
12 524
12 525
12 526
12 527
12 528
12 409
12 529
12 530
12 531
12 532
12 533
12 534
12 535
12 474
12 536
12 537
12 538
12 539
12 540
12 541
12 542
12 543
12 544
12 545
12 546
12 547
12 548
12 549
468 11
468 476
468 395
468 398
468 29
468 744
468 470
468 440
468 449
468 402
468 450
468 460
468 518
394 772
394 575
394 9
394 12
394 394
394 767
394 432
394 26
394 773
394 35
394 40
394 440
394 3
394 58
394 605
394 68
394 81
394 84
394 87
394 122
394 130
394 192
394 774
394 226
394 232
394 615
394 737
394 263
394 302
13 421
13 13
13 2
13 469
13 432
13 447
13 491
13 492
13 399
13 44
13 550
13 551
13 97
632 420
632 476
632 599
632 633
632 552
632 410
632 27
632 445
632 434
632 577
632 57
632 59
632 571
632 500
632 122
632 146
632 698
632 679
632 208
632 214
632 737
632 771
632 730
632 649
477 431
477 12
477 564
477 22
477 27
477 434
477 402
477 571
477 733
477 97
477 784
477 687
14 14
14 2
14 395
14 552
14 482
14 432
14 553
14 554
14 410
14 555
14 556
14 65
14 436
14 111
14 557
14 558
14 559
15 2
15 480
15 560
15 35
15 65
15 72
15 93
15 101
15 339
15 356
15 364
16 4
16 2
16 452
16 412
16 104
16 107
16 424
16 134
16 137
16 145
16 151
16 173
16 178
16 199
16 224
16 232
16 245
16 561
16 326
16 562
16 351
608 608
608 480
608 410
608 433
608 447
608 491
608 755
608 38
608 494
608 630
608 57
608 428
608 441
608 92
608 98
608 100
608 103
608 108
608 111
608 112
608 126
608 149
608 650
608 173
608 178
608 183
608 828
608 201
608 523
608 217
608 224
608 715
608 252
608 409
608 268
608 278
608 668
608 740
608 694
608 308
674 619
674 692
674 431
674 443
674 635
674 693
674 616
674 773
674 446
674 913
674 753
674 89
674 914
674 925
674 750
674 695
674 915
674 926
674 669
674 927
674 928
674 929
674 930
674 931
674 963
674 964
674 415
674 687
674 590
674 965
749 772
749 475
749 689
749 688
749 393
749 749
749 767
749 635
749 445
749 447
749 402
749 496
749 768
749 423
749 586
749 671
749 750
749 953
749 954
749 625
749 957
749 958
749 959
749 955
749 588
749 589
749 960
749 922
749 226
749 956
749 952
749 885
17 65
17 452
17 100
17 229
612 432
612 410
612 433
612 828
612 609
612 607
612 912
794 599
794 410
794 397
794 433
794 448
794 491
794 555
794 850
794 465
794 888
18 431
18 447
18 450
18 508
478 420
478 9
478 396
478 482
478 432
478 397
478 663
478 485
478 29
478 488
478 433
478 447
478 470
478 492
478 434
478 3
478 402
478 496
478 940
478 453
478 153
478 458
478 511
478 405
478 518
478 193
478 717
19 563
19 436
19 464
20 20
20 564
20 565
20 566
20 2
20 21
20 567
20 568
20 569
20 570
564 807
564 687
564 831
564 853
565 565
565 567
565 410
565 600
565 601
565 369
566 676
566 620
566 20
566 566
566 677
566 798
566 635
566 448
566 664
566 555
566 951
2 4
2 5
2 6
2 7
2 8
2 9
2 10
2 11
2 12
2 13
2 14
2 15
2 16
2 17
2 18
2 19
2 20
2 21
2 22
2 23
2 24
2 25
2 26
2 27
2 28
2 29
2 30
2 31
2 32
2 33
2 34
2 35
2 36
2 37
2 38
2 39
2 40
2 41
2 42
2 43
2 44
2 45
2 46
2 47
2 48
2 49
2 50
2 51
2 52
2 53
2 54
2 55
2 56
2 57
2 58
2 59
2 60
2 61
2 62
2 63
2 64
2 65
2 66
2 67
2 68
2 69
2 70
2 71
2 72
2 73
2 74
2 75
2 76
2 77
2 78
2 79
2 80
2 81
2 82
2 83
2 84
2 85
2 86
2 87
2 88
2 89
2 90
2 91
2 92
2 93
2 94
2 95
2 96
2 97
2 98
2 99
2 100
2 101
2 102
2 103
2 104
2 105
2 106
2 107
2 108
2 109
2 110
2 111
2 112
2 113
2 114
2 115
2 116
2 117
2 118
2 119
2 120
2 121
2 122
2 123
2 124
2 125
2 126
2 127
2 128
2 129
2 130
2 131
2 132
2 133
2 134
2 135
2 136
2 137
2 138
2 139
2 140
2 141
2 142
2 143
2 144
2 145
2 146
2 147
2 148
2 149
2 150
2 151
2 152
2 153
2 154
2 155
2 156
2 157
2 158
2 159
2 160
2 161
2 162
2 163
2 164
2 165
2 166
2 167
2 168
2 169
2 170
2 171
2 172
2 173
2 174
2 175
2 176
2 177
2 178
2 179
2 180
2 181
2 182
2 183
2 184
2 185
2 186
2 187
2 188
2 189
2 190
2 191
2 192
2 193
2 194
2 195
2 196
2 197
2 198
2 199
2 200
2 201
2 202
2 203
2 204
2 205
2 206
2 207
2 208
2 209
2 210
2 211
2 212
2 213
2 214
2 215
2 216
2 217
2 218
2 219
2 220
2 221
2 222
2 223
2 224
2 225
2 226
2 227
2 228
2 229
2 230
2 231
2 232
2 233
2 234
2 235
2 236
2 237
2 238
2 239
2 240
2 241
2 242
2 243
2 244
2 245
2 246
2 247
2 248
2 249
2 250
2 251
2 252
2 253
2 254
2 255
2 256
2 257
2 258
2 259
2 1
2 260
2 261
2 262
2 263
2 264
2 265
2 266
2 267
2 268
2 269
2 270
2 271
2 272
2 273
2 274
2 275
2 276
2 277
2 278
2 279
2 280
2 281
2 282
2 283
2 284
2 285
2 286
2 287
2 288
2 289
2 290
2 291
2 292
2 293
2 294
2 295
2 296
2 297
2 298
2 299
2 300
2 301
2 302
2 303
2 304
2 305
2 306
2 307
2 308
2 309
2 310
2 311
2 312
2 313
2 314
2 315
2 316
2 317
2 318
2 319
2 320
2 321
2 322
2 323
2 324
2 325
2 326
2 327
2 328
2 329
2 330
2 331
2 332
2 333
2 334
2 335
2 336
2 337
2 338
2 339
2 340
2 341
2 342
2 343
2 344
2 345
2 346
2 347
2 348
2 349
2 350
2 351
2 352
2 353
2 354
2 355
2 356
2 357
2 358
2 359
2 360
2 361
2 362
2 363
2 364
2 365
2 366
2 367
2 368
2 369
2 370
2 371
2 372
2 373
2 374
2 375
2 376
2 377
2 378
2 379
2 380
2 381
2 382
2 383
2 384
2 385
2 386
2 387
2 388
2 389
2 390
2 391
2 392
21 2
21 21
21 571
21 572
21 231
21 365
21 573
568 421
568 393
568 20
568 635
568 484
568 445
568 402
568 57
568 428
568 450
568 753
568 500
568 594
568 202
568 318
569 475
569 20
569 567
569 410
569 664
569 601
569 866
569 668
570 20
570 570
570 635
570 445
570 671
570 589
570 922
713 20
713 713
713 432
713 410
713 27
713 594
713 787
713 155
713 183
479 792
479 689
479 395
479 496
479 97
599 758
599 786
599 599
599 697
599 585
599 412
599 820
599 826
599 828
599 687
599 831
599 226
599 850
563 421
563 393
563 19
563 479
563 432
563 410
563 398
563 27
563 470
563 435
563 226
795 599
795 552
795 432
795 410
795 441
795 824
795 687
795 762
970 749
970 635
970 149
970 954
970 957
970 960
970 922
970 952
970 885
724 410
724 424
724 186
480 483
480 29
480 470
480 691
480 699
480 135
480 626
480 765
480 933
480 230
480 287
633 420
633 430
633 9
633 632
633 564
633 567
633 552
633 482
633 410
633 398
633 447
633 57
633 59
633 78
633 436
633 678
633 810
633 130
633 153
633 661
633 825
633 762
633 615
633 771
633 668
395 420
395 11
395 689
395 393
395 468
395 479
395 395
395 552
395 469
395 396
395 732
395 433
395 445
395 446
395 447
395 492
395 434
395 399
395 3
395 449
395 402
395 57
395 605
395 450
395 78
395 497
395 93
395 111
395 456
395 153
395 505
395 405
395 460
395 165
395 518
395 523
395 717
395 409
481 9
481 481
481 397
481 448
481 470
481 496
481 130
481 778
481 315
481 643
938 658
938 482
938 635
938 697
938 471
938 784
938 787
950 635
950 555
552 393
552 567
552 633
552 395
552 552
552 396
552 554
552 410
552 397
552 600
552 571
552 456
552 405
552 687
552 762
552 775
552 648
552 529
552 532
552 861
552 866
469 11
469 688
469 13
469 395
469 396
469 635
469 484
469 114
469 471
469 936
469 617
469 615
469 775
396 420
396 689
396 476
396 393
396 12
396 478
396 479
396 552
396 469
396 396
396 22
396 397
396 663
396 635
396 484
396 444
396 486
396 29
396 470
396 492
396 399
396 636
396 3
396 401
396 597
396 574
396 402
396 57
396 571
396 500
396 111
396 130
396 506
396 405
396 472
396 638
396 520
396 762
396 522
396 640
396 717
396 655
396 775
396 776
396 777
396 652
396 642
396 260
396 261
396 539
396 542
22 475
22 393
22 12
22 477
22 2
22 552
22 396
22 22
22 397
22 485
22 398
22 492
22 434
22 399
22 3
22 574
22 402
22 450
22 456
22 153
22 505
677 658
677 620
677 566
677 397
677 635
677 29
677 664
677 94
677 951
677 914
796 410
796 762
797 797
797 634
797 767
797 553
797 410
797 448
797 492
797 585
732 395
732 635
732 470
732 405
732 780
732 192
732 193
732 315
634 772
634 393
634 797
634 634
634 397
634 635
634 484
634 398
634 492
634 664
634 636
634 401
634 574
634 57
634 946
634 940
634 671
634 129
634 456
634 954
634 587
634 588
634 589
634 956
634 532
634 642
634 952
634 273
971 635
651 420
651 475
651 651
651 410
651 574
482 786
482 658
482 421
482 393
482 14
482 18
482 478
482 633
482 482
482 432
482 941
482 444
482 401
482 597
482 402
482 58
482 59
482 450
482 75
482 940
482 571
482 783
482 111
482 115
482 130
482 503
482 508
482 459
482 511
482 687
482 521
482 203
482 655
482 648
482 531
482 785
482 533
482 942
482 924
482 881
482 539
798 18
798 566
798 767
798 553
798 554
798 410
798 664
798 591
798 820
23 2
23 65
23 356
442 9
442 421
442 12
442 481
442 442
442 635
442 489
442 43
442 401
442 644
442 55
442 58
442 65
442 579
442 451
442 75
442 452
442 454
442 921
442 456
442 457
442 508
442 460
442 917
442 922
442 197
442 205
442 408
442 231
442 409
442 257
442 537
24 4
24 575
24 576
24 2
24 24
24 577
24 578
24 579
24 428
24 68
24 580
24 412
24 414
24 581
24 146
24 159
24 172
24 582
24 219
24 221
24 231
24 245
24 288
24 583
25 9
25 393
25 2
25 25
25 29
25 445
25 434
25 411
25 3
25 52
25 65
25 584
25 585
25 586
25 500
25 163
25 587
25 588
25 589
25 214
25 590
25 234
426 6
426 394
426 480
426 410
426 447
426 37
426 428
426 134
426 455
426 661
426 828
426 212
426 214
426 609
426 525
767 475
767 564
767 552
767 797
767 798
767 767
767 410
767 571
767 594
767 325
432 420
432 782
432 9
432 394
432 14
432 612
432 713
432 563
432 795
432 482
432 553
432 554
432 410
432 448
432 400
432 440
432 556
432 644
432 55
432 571
432 452
432 733
432 585
432 109
432 818
432 557
432 508
432 193
432 687
432 558
432 737
432 754
432 775
432 528
432 852
432 853
432 532
432 877
432 878
432 889
432 890
553 786
553 689
553 14
553 18
553 552
553 797
553 798
553 767
553 432
553 710
553 554
553 410
553 483
553 555
553 400
553 584
553 733
553 585
553 818
553 557
553 153
553 505
553 687
553 558
553 609
553 737
553 641
553 532
553 877
553 878
553 559
553 890
553 643
553 897
553 898
26 394
26 18
26 2
26 447
26 591
26 65
26 157
26 592
26 309
710 420
710 9
710 432
710 553
710 410
710 433
710 153
710 505
710 520
710 762
710 643
443 9
443 12
443 674
443 443
443 27
443 399
443 456
443 508
443 458
443 510
443 779
443 461
443 923
443 252
554 793
554 14
554 552
554 798
554 432
554 553
554 554
554 410
554 600
554 555
554 733
554 585
554 787
554 557
554 762
554 558
554 852
554 313
554 890
554 354
410 792
410 619
410 758
410 793
410 4
410 6
410 575
410 576
410 688
410 632
410 14
410 608
410 612
410 794
410 564
410 565
410 567
410 569
410 713
410 599
410 563
410 795
410 724
410 633
410 552
410 796
410 797
410 651
410 798
410 426
410 767
410 432
410 553
410 710
410 554
410 410
410 748
410 799
410 800
410 560
410 600
410 666
410 697
410 621
410 801
410 682
410 591
410 802
410 803
410 440
410 427
410 556
410 577
410 804
410 805
410 631
410 644
410 806
410 807
410 579
410 428
410 691
410 551
410 441
410 73
410 451
410 683
410 76
410 78
410 808
410 613
410 769
410 678
410 85
410 809
410 571
410 601
410 810
410 580
410 811
410 437
410 763
410 733
410 585
410 412
410 454
410 118
410 424
410 125
410 126
410 812
410 813
410 787
410 814
410 815
410 816
410 817
410 670
410 413
410 818
410 414
410 557
410 140
410 819
410 704
410 820
410 581
410 667
410 656
410 821
410 700
410 778
410 661
410 822
410 659
410 823
410 650
410 739
410 646
410 824
410 602
410 673
410 825
410 167
410 736
410 826
410 679
410 188
410 827
410 617
410 828
410 687
410 829
410 572
410 830
410 675
410 831
410 832
410 833
410 654
410 762
410 834
410 835
410 836
410 558
410 582
410 214
410 705
410 623
410 837
410 219
410 609
410 708
410 838
410 417
410 839
410 840
410 841
410 611
410 712
410 680
410 681
410 418
410 660
410 842
410 603
410 843
410 706
410 844
410 845
410 737
410 715
410 846
410 641
410 754
410 847
410 685
410 848
410 425
410 849
410 771
410 648
410 604
410 850
410 701
410 851
410 852
410 853
410 854
410 777
410 855
410 752
410 592
410 856
410 857
410 789
410 439
410 607
410 858
410 742
410 859
410 860
410 561
410 861
410 465
410 862
410 863
410 864
410 865
410 766
410 735
410 723
410 866
410 867
410 720
410 868
410 869
410 870
410 731
410 871
410 662
410 872
410 721
410 873
410 874
410 875
410 876
410 877
410 878
410 879
410 880
410 881
410 882
410 722
410 668
410 883
410 740
410 884
410 707
410 694
410 429
410 885
410 886
410 649
410 559
410 323
410 887
410 888
410 889
410 703
410 562
410 890
410 714
410 467
410 709
410 891
410 684
410 892
410 696
410 893
410 894
410 764
410 741
410 895
410 419
410 643
410 896
410 897
410 898
410 899
410 900
410 901
410 902
410 903
410 904
410 905
410 583
410 906
410 907
410 908
410 909
410 910
410 911
410 912
596 393
596 483
596 397
596 941
596 663
596 635
596 693
596 484
596 485
596 398
596 444
596 27
596 486
596 28
596 29
596 487
596 488
596 402
483 553
483 596
483 440
483 574
483 739
397 470
397 401
397 402
397 778
397 473
941 431
941 482
941 29
941 597
941 943
663 658
663 478
663 396
663 596
663 397
663 635
663 484
663 485
663 29
663 488
663 445
663 447
663 35
663 3
663 401
663 402
663 496
663 93
663 783
663 455
663 458
663 943
663 830
663 640
663 717
663 260
635 772
635 782
635 692
635 7
635 9
635 676
635 786
635 756
635 689
635 466
635 658
635 620
635 918
635 393
635 674
635 749
635 566
635 568
635 570
635 970
635 938
635 950
635 469
635 396
635 677
635 732
635 634
635 971
635 442
635 596
635 397
635 941
635 663
635 635
635 693
635 484
635 444
635 486
635 616
635 773
635 744
635 446
635 913
635 447
635 448
635 624
635 972
635 664
635 665
635 555
635 593
635 755
635 636
635 400
635 494
635 411
635 973
635 3
635 711
635 401
635 597
635 630
635 962
635 974
635 961
635 574
635 449
635 402
635 550
635 422
635 57
635 65
635 946
635 578
635 606
635 768
635 940
635 584
635 743
635 734
635 753
635 975
635 966
635 969
635 452
635 94
635 783
635 453
635 976
635 586
635 921
635 471
635 951
635 914
635 671
635 977
635 594
635 925
635 750
635 695
635 915
635 926
635 669
635 927
635 928
635 929
635 930
635 931
635 963
635 784
635 130
635 978
635 745
635 979
635 699
635 949
635 980
635 981
635 935
635 982
635 983
635 984
635 645
635 456
635 757
635 457
635 953
635 932
635 459
635 788
635 954
635 404
635 637
635 657
635 405
635 779
635 916
635 614
635 964
635 686
635 460
635 415
635 461
635 761
635 780
635 462
635 698
635 781
635 943
635 702
635 638
635 936
635 985
635 986
635 937
635 987
635 988
635 989
635 917
635 587
635 990
635 919
635 595
635 759
635 639
635 626
635 627
635 625
635 957
635 958
635 959
635 955
635 588
635 589
635 960
635 967
635 922
635 765
635 406
635 610
635 628
635 672
635 416
635 947
635 647
635 690
635 738
635 640
635 598
635 407
635 791
635 622
635 719
635 933
635 746
635 991
635 774
635 992
635 717
635 590
635 993
635 615
635 790
635 944
635 945
635 655
635 438
635 629
635 716
635 923
635 920
635 948
635 994
635 968
635 775
635 618
635 776
635 956
635 995
635 996
635 934
635 997
635 718
635 998
635 785
635 463
635 751
635 939
635 652
635 464
635 642
635 952
635 965
635 999
635 942
635 760
635 747
635 1000
635 473
635 770
635 924
635 474
635 282
693 674
693 596
693 635
693 693
693 616
693 913
693 593
693 711
693 441
693 437
693 93
693 914
693 120
693 750
693 915
693 669
693 928
693 932
693 965
484 658
484 12
484 568
484 469
484 396
484 634
484 596
484 663
484 635
484 485
484 398
484 444
484 486
484 28
484 487
484 488
484 30
484 492
484 495
484 498
484 452
484 403
484 129
484 130
484 761
484 943
484 517
484 937
484 759
484 944
484 531
484 260
484 274
484 536
484 347
398 9
398 393
398 468
398 634
398 484
398 398
398 27
398 445
398 448
398 492
398 593
398 494
398 3
398 449
398 402
398 422
398 496
398 500
398 594
398 456
398 458
398 404
398 405
398 779
398 673
398 532
398 534
444 420
444 9
444 475
444 658
444 476
444 421
444 393
444 12
444 479
444 396
444 482
444 397
444 635
444 484
444 444
444 486
444 29
444 433
444 447
444 470
444 636
444 401
444 597
444 402
444 422
444 57
444 605
444 743
444 571
444 784
444 130
444 503
444 699
444 458
444 781
444 702
444 640
444 407
444 719
444 655
444 775
444 529
444 533
444 642
444 260
444 924
444 536
444 703
27 9
27 466
27 398
27 433
27 445
27 446
27 491
27 593
27 53
27 594
27 595
27 258
486 786
486 476
486 12
486 396
486 596
486 635
486 484
486 444
486 495
486 597
486 57
486 112
486 117
486 784
486 130
486 699
486 455
486 506
486 459
486 462
486 640
486 407
486 529
486 718
486 255
486 536
486 886
28 11
28 12
28 2
28 596
28 484
28 29
28 56
28 57
28 58
28 59
28 60
28 61
28 62
28 63
487 12
487 596
487 484
487 485
487 488
487 498
487 130
487 759
488 12
488 478
488 596
488 663
488 484
488 487
488 435
488 498
488 130
488 514
488 761
488 937
488 759
488 526
616 6
616 620
616 421
616 674
616 596
616 635
616 693
616 27
616 616
616 773
616 490
616 446
616 913
616 447
616 41
616 494
616 962
616 402
616 428
616 753
616 914
616 925
616 750
616 915
616 669
616 927
616 928
616 929
616 930
616 963
616 964
616 460
616 415
616 774
616 590
616 965
616 287
433 782
433 9
433 475
433 612
433 29
433 913
433 447
433 624
433 492
433 600
433 434
433 493
433 556
433 449
433 606
433 436
433 453
433 423
433 458
433 746
773 692
773 466
773 394
773 674
773 635
773 616
773 445
773 446
773 913
773 753
773 925
773 915
773 926
773 669
773 927
773 928
744 688
744 468
744 635
744 493
744 399
744 456
744 698
744 222
744 774
744 790
744 715
30 476
30 421
30 18
30 2
30 395
30 482
30 397
30 484
30 444
30 445
30 447
30 470
30 434
30 3
30 597
30 65
30 66
30 153
30 162
30 518
445 619
445 430
445 431
445 9
445 393
445 398
445 27
445 29
445 445
445 447
445 491
445 574
445 402
445 57
445 436
445 87
445 671
445 149
445 155
445 708
489 9
489 12
489 394
489 18
489 19
489 398
489 29
489 433
489 447
489 57
489 496
489 497
489 594
489 130
489 517
489 214
489 652
490 490
446 692
446 9
446 466
446 421
446 674
446 395
446 635
446 27
446 773
446 492
446 449
446 925
446 926
446 927
446 928
446 929
446 930
446 931
446 458
446 637
446 415
446 595
913 420
913 692
913 430
913 431
913 674
913 432
913 635
913 693
913 616
913 433
913 773
913 445
913 446
913 913
913 753
913 914
913 925
913 750
913 695
913 915
913 926
913 669
913 927
913 928
913 929
913 930
913 931
913 964
913 415
913 965
447 9
447 421
447 393
447 395
447 433
447 445
447 32
447 492
447 401
447 402
447 58
447 605
447 450
447 441
447 497
447 699
447 149
447 405
447 517
447 518
447 639
447 775
447 531
447 542
448 9
448 786
448 566
448 432
448 635
448 398
448 448
448 401
448 53
448 436
448 111
448 455
448 778
448 458
448 779
448 686
448 461
448 517
448 406
448 923
448 255
448 473
448 465
748 225
799 410
799 803
799 895
799 903
31 431
31 2
31 90
31 598
31 222
800 420
800 431
800 475
800 394
800 564
800 599
800 552
800 410
800 485
800 29
800 433
800 448
800 666
800 402
800 73
624 430
624 635
624 433
624 624
624 493
624 52
624 627
624 765
624 690
32 430
32 564
32 2
32 599
32 447
32 32
32 600
32 601
32 602
32 603
32 604
491 27
560 758
560 15
560 410
560 613
560 81
560 571
560 412
560 700
560 659
560 825
560 826
560 217
560 844
560 867
560 668
560 356
972 635
470 475
470 468
470 396
470 732
470 434
470 449
470 402
470 450
470 695
470 458
470 405
470 937
470 518
470 622
492 466
492 393
492 12
492 478
492 395
492 22
492 797
492 634
492 484
492 398
492 433
492 446
492 447
492 401
492 768
492 97
492 111
492 130
492 459
492 512
492 698
492 640
492 206
492 622
492 655
492 775
492 785
492 533
600 758
600 565
600 410
600 433
600 600
600 571
600 726
600 824
600 836
600 660
600 853
600 861
600 465
600 662
33 2
33 33
33 105
33 158
33 268
34 9
34 2
34 432
34 27
34 446
34 447
34 448
34 470
34 56
34 441
34 518
34 535
434 475
434 433
434 470
434 493
434 423
434 415
434 622
35 394
35 15
35 2
35 605
35 120
35 122
35 261
35 358
664 676
664 658
664 476
664 620
664 566
664 569
664 634
664 798
664 410
664 397
664 635
664 664
664 630
664 86
664 951
664 129
664 981
664 192
664 610
664 263
665 575
665 635
665 748
665 665
665 666
665 76
665 966
665 225
666 658
666 620
666 410
666 397
666 447
666 665
666 666
399 13
399 395
399 396
399 443
399 744
399 494
399 43
399 3
399 48
399 496
399 436
399 97
399 500
399 112
399 117
399 151
399 506
399 405
399 460
399 160
399 161
399 780
399 462
399 162
399 727
399 698
399 739
399 781
399 472
399 163
399 516
399 164
399 646
399 165
555 676
555 14
555 794
555 566
555 950
555 553
555 554
555 635
555 555
555 54
555 811
555 951
555 557
697 599
697 938
697 410
697 129
621 410
621 435
621 47
621 625
621 853
621 735
801 552
801 410
801 434
801 801
801 441
801 513
801 737
801 618
36 2
593 635
593 693
593 398
593 27
593 445
593 593
593 494
593 46
593 55
593 57
593 605
593 87
593 499
593 91
593 423
593 163
593 595
593 622
593 250
593 378
755 608
755 635
755 470
755 802
755 584
755 613
755 601
755 581
755 661
755 933
755 245
37 7
37 2
37 426
37 38
37 46
37 65
37 606
37 584
37 91
37 98
37 102
37 103
37 110
37 126
37 581
37 166
37 185
37 416
37 212
37 213
37 607
37 263
37 266
37 276
37 287
37 467
37 348
38 4
38 608
38 2
38 37
38 38
38 67
38 451
38 82
38 85
38 91
38 102
38 103
38 106
38 110
38 129
38 134
38 138
38 144
38 151
38 158
38 168
38 172
38 183
38 416
38 207
38 609
38 252
38 266
38 308
38 328
38 355
39 2
39 39
39 65
39 85
39 112
39 158
39 610
39 211
39 611
40 420
40 9
40 394
40 612
40 2
40 479
40 29
40 433
40 445
40 470
40 492
40 399
40 574
40 402
40 56
40 58
40 613
40 436
40 93
40 97
40 112
40 122
40 594
40 136
40 458
40 614
40 175
40 208
40 615
40 525
40 419
682 410
682 434
682 251
682 339
41 5
41 7
41 2
41 616
41 579
41 70
41 89
41 109
41 423
41 581
41 617
41 618
725 499
725 412
725 595
591 564
591 567
591 552
591 396
591 482
591 798
591 26
591 410
591 444
591 571
591 762
591 717
591 881
591 309
636 396
636 634
636 635
636 444
636 636
636 401
636 57
636 571
636 783
636 405
636 964
636 518
636 615
636 775
802 421
802 410
802 755
802 802
802 441
802 649
803 552
803 410
803 799
803 783
803 903
400 7
400 688
400 432
400 553
400 400
494 12
494 608
494 635
494 398
494 616
494 399
494 593
494 494
494 401
494 500
494 111
494 669
494 130
494 135
494 779
494 673
440 420
440 430
440 475
440 394
440 552
440 432
440 410
440 483
440 434
440 440
440 597
440 435
440 70
440 109
440 594
440 223
440 260
440 298
427 6
427 410
427 577
427 67
427 428
427 623
427 681
427 766
427 684
411 4
411 6
411 689
411 478
411 25
411 635
411 47
411 579
411 77
411 87
411 412
411 102
411 103
411 112
411 119
411 134
411 414
411 146
411 151
411 509
411 168
411 186
411 192
411 582
411 214
411 219
411 417
411 418
411 240
411 245
411 261
411 302
411 668
411 323
411 335
495 619
495 9
495 12
495 484
495 486
495 402
495 452
495 499
495 914
495 130
495 456
495 778
495 405
495 462
495 698
495 416
495 526
495 255
495 258
42 9
42 2
42 395
42 397
42 434
42 402
42 453
556 7
556 14
556 564
556 567
556 599
556 552
556 432
556 410
556 433
556 447
556 491
556 600
556 400
556 57
556 450
556 436
556 113
556 594
556 850
556 592
556 867
43 9
43 421
43 2
43 442
43 433
43 399
43 43
43 402
43 450
43 101
43 138
43 248
973 9
973 635
973 402
973 829
973 790
3 393
3 394
3 395
3 396
3 397
3 398
3 399
3 400
3 3
3 401
3 402
3 403
3 404
3 405
3 406
3 407
3 408
3 409
711 430
711 475
711 689
711 393
711 651
711 635
711 693
711 447
711 470
711 3
711 711
711 574
711 750
711 153
711 458
711 954
711 595
711 203
711 775
653 653
653 188
653 615
653 293
401 782
401 9
401 12
401 396
401 677
401 634
401 482
401 397
401 635
401 444
401 29
401 447
401 448
401 636
401 494
401 3
401 401
401 449
401 783
401 111
401 784
401 130
401 503
401 456
401 153
401 505
401 459
401 461
401 702
401 640
401 407
401 205
401 719
401 408
401 655
401 531
401 785
401 464
401 473
597 476
597 396
597 482
597 941
597 635
597 444
597 486
597 30
597 440
597 401
597 597
597 743
597 503
597 153
597 505
597 702
597 655
597 924
44 420
44 619
44 430
44 431
44 13
44 2
44 447
44 399
44 42
44 44
44 435
44 65
44 450
44 71
44 72
44 551
45 475
45 2
45 480
45 482
45 434
45 45
45 574
45 97
45 211
630 608
630 635
630 664
630 54
630 441
630 76
630 670
630 141
435 420
435 7
435 488
435 621
435 435
435 606
435 500
435 695
435 162
435 919
435 627
435 831
435 920
46 7
46 2
46 398
46 593
46 37
46 65
46 91
46 129
46 149
46 151
46 183
46 201
46 212
46 263
46 361
577 420
577 430
577 431
577 7
577 576
577 632
577 24
577 410
577 427
577 52
577 67
577 578
577 579
577 428
577 76
577 436
577 113
577 424
577 126
577 194
577 582
577 839
577 243
577 339
577 351
962 635
962 616
962 924
804 410
47 4
47 620
47 393
47 2
47 433
47 445
47 621
47 411
47 48
47 60
47 65
47 91
47 101
47 103
47 423
47 127
47 134
47 136
47 146
47 147
47 149
47 159
47 184
47 208
47 214
47 245
47 269
47 291
47 310
47 355
48 393
48 2
48 433
48 399
48 47
48 65
48 82
48 84
48 102
48 423
48 403
48 136
48 149
48 158
48 159
48 177
48 183
48 184
48 208
48 269
48 284
48 287
48 291
48 355
48 358
49 2
49 50
49 65
49 66
49 428
49 100
49 103
49 108
49 118
49 176
49 622
49 280
50 6
50 9
50 2
50 433
50 447
50 49
50 57
50 111
50 403
50 139
50 166
50 184
50 200
50 623
51 2
51 433
51 447
51 51
51 500
52 2
52 25
52 433
52 624
52 577
52 52
52 67
52 579
52 110
52 423
52 501
52 120
52 414
52 147
52 151
52 166
52 193
52 625
52 582
52 325
52 352
974 635
974 445
974 447
974 470
974 595
961 635
961 961
961 615
53 2
53 27
53 448
53 53
53 423
53 138
53 626
53 193
53 627
53 628
53 416
53 201
53 222
53 629
574 420
574 393
574 634
574 651
574 483
574 635
574 64
574 111
574 456
574 511
574 405
574 790
574 652
574 642
574 668
805 420
805 619
805 565
805 567
805 599
805 410
805 491
805 600
805 805
805 451
805 571
805 601
805 820
805 700
805 623
805 884
54 2
54 397
54 555
54 630
54 631
631 410
631 54
631 631
631 582
449 782
449 9
449 475
449 468
449 395
449 432
449 398
449 433
449 446
449 470
449 401
449 450
449 436
449 500
449 594
449 508
449 932
449 673
449 407
449 207
644 430
644 9
644 18
644 19
644 552
644 442
644 432
644 553
644 410
644 27
644 448
644 58
644 436
644 122
644 472
402 9
402 786
402 688
402 393
402 482
402 397
402 398
402 445
402 447
402 470
402 495
402 3
402 450
402 500
402 456
402 508
402 687
55 7
55 9
55 475
55 11
55 2
55 432
55 593
55 66
55 436
55 412
55 101
55 117
55 208
55 237
55 312
550 13
550 432
550 635
550 550
550 578
550 436
550 949
806 466
806 410
806 762
806 952
422 5
422 676
422 476
422 635
422 398
422 444
422 486
422 470
422 806
422 422
422 112
422 128
422 784
422 762
422 407
422 255
56 9
56 620
56 2
56 28
56 34
56 40
56 56
56 112
56 129
56 163
56 183
56 193
56 219
56 408
56 409
56 256
56 537
56 345
56 361
57 5
57 476
57 393
57 12
57 632
57 608
57 633
57 395
57 396
57 634
57 635
57 444
57 486
57 433
57 445
57 447
57 593
57 636
57 556
57 402
57 62
57 65
57 78
57 87
57 111
57 403
57 501
57 114
57 471
57 594
57 130
57 135
57 637
57 516
57 638
57 188
57 639
57 416
57 640
57 234
57 615
57 641
57 250
57 255
57 532
57 642
57 534
57 474
57 320
57 323
57 643
58 619
58 5
58 430
58 9
58 475
58 11
58 393
58 394
58 2
58 395
58 482
58 444
58 27
58 28
58 445
58 447
58 491
58 434
58 493
58 399
58 40
58 3
58 644
58 402
58 59
58 65
58 496
58 68
58 69
58 71
58 497
58 436
58 87
58 423
58 501
58 594
58 130
58 138
58 149
58 645
58 153
58 505
58 458
58 460
58 646
58 179
58 647
58 207
58 242
58 648
58 531
58 279
58 378
59 575
59 393
59 394
59 632
59 2
59 633
59 552
59 482
59 444
59 28
59 449
59 56
59 65
59 451
59 436
59 571
59 601
59 86
59 101
59 153
60 2
60 28
60 447
60 47
60 60
60 260
60 649
60 323
61 2
61 28
61 574
61 65
61 101
61 650
61 354
62 2
62 28
62 491
62 57
62 65
62 119
62 196
62 210
62 251
62 293
63 2
63 28
63 136
63 289
64 475
64 11
64 2
64 552
64 651
64 28
64 447
64 470
64 43
64 574
64 57
64 64
64 65
64 66
64 101
64 405
64 207
64 226
64 257
64 652
64 642
64 534
65 4
65 6
65 7
65 9
65 11
65 12
65 14
65 15
65 17
65 2
65 23
65 25
65 635
65 28
65 30
65 492
65 37
65 39
65 42
65 43
65 653
65 44
65 46
65 47
65 48
65 49
65 55
65 57
65 58
65 59
65 61
65 62
65 63
65 64
65 65
65 66
65 70
65 71
65 72
65 75
65 78
65 79
65 80
65 81
65 83
65 85
65 87
65 89
65 91
65 93
65 95
65 96
65 98
65 99
65 101
65 102
65 103
65 108
65 109
65 110
65 111
65 112
65 471
65 117
65 118
65 119
65 124
65 125
65 127
65 128
65 130
65 132
65 134
65 135
65 138
65 141
65 143
65 146
65 148
65 149
65 151
65 152
65 155
65 156
65 158
65 164
65 165
65 167
65 168
65 173
65 179
65 183
65 184
65 187
65 188
65 189
65 190
65 194
65 195
65 197
65 198
65 416
65 654
65 200
65 202
65 203
65 204
65 205
65 207
65 210
65 211
65 212
65 213
65 214
65 216
65 217
65 218
65 219
65 220
65 223
65 417
65 228
65 408
65 230
65 232
65 233
65 234
65 237
65 238
65 655
65 239
65 242
65 243
65 244
65 245
65 249
65 250
65 251
65 648
65 252
65 253
65 260
65 261
65 263
65 272
65 274
65 276
65 278
65 279
65 282
65 283
65 285
65 286
65 288
65 292
65 293
65 294
65 296
65 300
65 302
65 304
65 307
65 308
65 310
65 312
65 314
65 315
65 317
65 318
65 321
65 324
65 325
65 329
65 331
65 333
65 335
65 336
65 337
65 339
65 342
65 345
65 346
65 352
65 354
65 355
65 357
65 360
65 362
65 363
65 364
65 378
65 380
65 384
65 387
66 9
66 475
66 11
66 2
66 27
66 28
66 30
66 445
66 447
66 49
66 574
66 55
66 64
66 65
66 99
66 101
66 115
66 152
66 179
66 188
66 195
66 197
66 202
66 233
66 242
66 652
66 279
66 293
66 329
66 334
605 394
605 395
605 444
605 447
605 593
605 601
605 86
605 739
605 223
605 775
605 853
605 261
807 564
807 410
807 491
807 35
807 807
807 604
807 869
807 707
946 634
946 635
946 946
946 510
946 686
946 775
67 4
67 575
67 2
67 38
67 427
67 577
67 52
67 67
67 84
67 412
67 102
67 104
67 110
67 424
67 656
67 150
67 657
67 166
67 168
67 170
67 177
67 180
67 183
67 186
67 654
67 582
67 212
67 217
67 233
67 245
67 266
67 267
67 328
67 367
578 9
578 24
578 635
578 550
578 578
578 579
578 68
578 149
578 627
578 765
578 212
578 920
578 529
579 9
579 442
579 24
579 410
579 41
579 577
579 52
579 578
579 579
579 428
579 68
579 103
579 424
579 812
579 594
579 414
579 142
579 146
579 149
579 686
579 679
579 675
579 214
579 681
579 418
579 243
579 846
428 6
428 608
428 568
428 24
428 426
428 410
428 616
428 427
428 577
428 49
428 579
428 428
428 85
428 101
428 424
428 134
428 414
428 581
428 667
428 148
428 654
428 582
428 214
428 219
428 706
428 844
428 709
496 479
496 398
496 399
496 496
496 456
496 163
496 530
68 658
68 394
68 2
68 24
68 486
68 447
68 577
68 574
68 58
68 578
68 579
68 68
68 69
68 130
68 504
68 143
68 277
68 374
69 393
69 2
69 24
69 447
69 577
69 58
69 578
69 579
69 68
69 436
69 89
69 414
69 143
69 168
691 564
691 567
691 410
691 491
691 571
691 836
606 772
606 688
606 941
606 635
606 433
606 37
606 435
606 606
606 415
606 193
606 416
606 598
606 222
70 7
70 2
70 567
70 432
70 553
70 41
70 440
70 65
70 437
70 109
70 659
70 660
450 430
450 9
450 393
450 468
450 18
450 395
450 22
450 482
450 433
450 445
450 447
450 470
450 434
450 556
450 43
450 449
450 402
450 450
450 112
450 130
450 455
450 456
450 508
450 522
450 407
450 523
450 655
450 533
71 11
71 421
71 2
71 447
71 58
71 65
71 87
71 595
71 207
72 15
72 653
72 65
72 72
72 92
72 101
72 112
72 129
72 218
72 611
72 276
72 333
72 339
72 345
72 363
551 13
551 410
551 44
551 551
441 410
441 447
441 630
441 441
441 828
441 851
768 676
768 749
768 567
768 397
768 635
768 433
768 492
768 768
768 337
73 564
73 2
73 410
73 73
73 661
73 660
73 268
73 289
73 662
74 2
74 397
74 433
74 600
74 74
451 619
451 9
451 442
451 410
451 445
451 447
451 600
451 38
451 805
451 59
451 451
451 683
451 88
451 97
451 163
451 174
451 654
451 255
451 722
75 9
75 11
75 393
75 468
75 19
75 2
75 599
75 482
75 442
75 432
75 663
75 27
75 29
75 434
75 496
75 163
75 205
75 213
75 260
683 410
683 451
683 683
683 763
683 103
683 117
683 132
683 187
76 575
76 2
76 599
76 410
76 664
76 665
76 666
76 630
76 577
76 98
76 103
76 106
76 126
76 667
76 150
76 650
76 172
76 263
76 264
76 668
76 429
940 634
940 482
940 635
940 511
940 760
584 14
584 25
584 553
584 635
584 755
584 37
584 77
584 82
584 586
584 669
584 784
584 932
584 175
584 217
584 776
584 648
584 952
584 562
77 10
77 2
77 411
77 584
77 77
77 91
77 669
77 144
77 171
77 201
78 420
78 2
78 633
78 395
78 552
78 651
78 482
78 410
78 397
78 29
78 447
78 574
78 57
78 65
78 571
78 405
78 519
78 652
78 313
808 410
808 436
613 619
613 692
613 565
613 567
613 410
613 560
613 755
613 613
613 571
613 810
613 763
613 127
613 670
613 162
613 824
613 572
79 2
79 65
79 79
79 98
79 424
79 126
79 670
79 581
79 221
79 232
79 236
79 243
79 290
79 297
79 380
80 2
80 65
81 394
81 2
81 433
81 491
81 560
81 65
81 81
81 436
81 84
81 412
81 671
81 128
81 672
497 393
497 12
497 395
497 433
497 489
497 447
497 3
497 497
497 111
497 115
497 130
497 405
497 517
497 518
497 407
497 538
497 544
497 910
769 689
769 466
769 632
769 633
769 482
769 410
769 398
769 574
769 762
769 660
769 668
769 347
743 635
743 444
743 597
743 743
743 784
743 218
743 924
498 12
498 484
498 487
498 488
498 130
498 761
498 759
436 430
436 7
436 9
436 475
436 10
436 421
436 393
436 19
436 27
436 29
436 433
436 447
436 448
436 470
436 434
436 493
436 399
436 400
436 3
436 449
436 594
436 517
436 520
82 2
82 38
82 48
82 584
82 159
82 212
82 252
82 266
82 267
82 287
82 361
83 2
83 65
83 101
83 125
83 219
83 229
83 232
83 618
678 792
678 620
678 564
678 567
678 633
678 552
678 410
678 447
678 601
678 94
678 687
678 762
678 660
678 274
678 390
84 420
84 7
84 394
84 2
84 46
84 48
84 67
84 81
84 89
84 102
84 106
84 108
84 129
84 132
84 149
84 158
84 525
734 635
734 969
734 110
734 745
734 193
734 960
734 765
734 640
734 217
734 246
734 256
734 789
753 674
753 568
753 635
753 616
753 773
753 913
753 914
753 695
753 964
753 244
753 965
85 2
85 410
85 38
85 65
85 428
85 98
85 412
85 126
85 413
85 143
85 176
85 465
85 326
809 410
809 809
975 635
571 619
571 758
571 688
571 393
571 632
571 477
571 552
571 396
571 482
571 432
571 410
571 444
571 560
571 600
571 636
571 59
571 613
571 601
571 93
571 661
571 459
571 192
571 520
571 762
571 640
571 660
571 603
571 655
571 536
571 662
571 740
571 884
601 564
601 567
601 410
601 600
601 805
601 605
601 571
601 601
601 700
601 824
601 572
601 603
601 867
810 619
810 393
810 564
810 567
810 633
810 410
810 613
810 810
810 763
810 670
810 661
86 2
86 59
86 605
87 9
87 11
87 476
87 393
87 394
87 19
87 2
87 27
87 29
87 433
87 445
87 447
87 470
87 434
87 399
87 593
87 57
87 58
87 436
87 87
87 94
87 453
87 112
87 669
87 504
87 455
87 152
87 646
87 673
87 210
87 217
87 220
87 308
87 378
580 575
580 24
580 410
580 103
88 2
88 451
88 128
88 455
88 179
88 220
88 328
811 793
811 431
811 410
811 600
811 666
811 555
811 571
811 465
966 620
966 567
966 397
966 635
966 748
966 665
966 666
966 402
966 966
969 635
969 734
969 780
969 629
89 674
89 2
89 41
89 65
89 69
89 84
89 89
89 91
89 106
89 129
89 414
89 144
89 172
89 183
89 675
89 211
89 216
89 266
89 267
90 2
90 31
90 440
90 141
452 9
452 16
452 17
452 442
452 432
452 635
452 484
452 495
452 452
452 121
452 193
452 933
452 934
437 420
437 7
437 410
437 693
437 70
437 109
437 668
499 421
499 725
91 4
91 7
91 575
91 2
91 593
91 37
91 38
91 46
91 47
91 65
91 77
91 89
91 91
91 96
91 102
91 106
91 110
91 112
91 124
91 149
91 150
91 151
91 168
91 186
91 617
91 627
91 654
91 212
91 214
91 216
91 219
91 418
91 252
91 263
91 266
91 561
91 287
91 308
91 329
91 348
91 358
91 362
92 575
92 608
92 2
92 72
92 100
92 103
92 108
92 229
93 620
93 395
93 663
93 40
93 571
93 460
93 473
94 676
94 620
94 677
94 635
94 65
94 678
94 87
94 93
94 94
94 501
95 2
95 32
95 65
763 792
763 9
763 567
763 552
763 410
763 447
763 440
763 683
763 613
763 436
763 571
763 601
763 810
763 670
763 472
763 572
763 530
763 867
763 313
733 431
733 466
733 421
733 564
733 432
733 553
733 554
733 410
733 398
733 733
733 192
733 528
783 552
783 482
783 410
783 663
783 635
783 447
783 636
783 803
783 401
783 717
783 775
783 770
585 599
585 797
585 25
585 432
585 553
585 554
585 410
585 585
585 557
585 687
585 558
585 890
96 2
96 65
96 91
96 96
96 132
96 151
96 158
96 252
96 358
97 479
97 29
97 433
97 447
97 492
97 434
97 399
97 40
97 441
97 436
97 516
98 608
98 2
98 37
98 65
98 76
98 79
98 85
98 98
98 99
98 126
98 168
98 679
98 232
98 263
98 308
99 420
99 430
99 431
99 9
99 2
99 432
99 445
99 448
99 470
99 402
99 65
99 66
99 98
99 101
99 500
99 126
99 132
99 147
99 461
99 203
99 244
99 282
412 420
412 619
412 4
412 692
412 7
412 16
412 567
412 599
412 24
412 432
412 410
412 445
412 560
412 725
412 411
412 55
412 67
412 81
412 85
412 571
412 601
412 101
412 424
412 414
412 661
412 824
412 827
412 675
412 762
412 582
412 705
412 681
412 603
412 425
412 872
412 325
412 714
412 696
100 608
100 17
100 2
100 49
100 441
100 92
100 118
100 129
100 132
100 146
100 650
100 179
100 199
100 200
100 224
100 229
100 230
100 231
100 232
100 680
100 681
100 418
100 233
101 4
101 6
101 15
101 2
101 410
101 492
101 682
101 43
101 47
101 55
101 59
101 61
101 64
101 65
101 66
101 428
101 72
101 83
101 93
101 98
101 99
101 412
101 101
101 111
101 115
101 118
101 119
101 124
101 126
101 134
101 135
101 138
101 414
101 140
101 581
101 146
101 147
101 152
101 167
101 179
101 187
101 595
101 213
101 223
101 417
101 232
101 233
101 260
101 274
101 279
101 282
101 293
101 294
101 302
101 314
101 324
101 325
101 329
101 331
101 339
101 345
101 346
101 357
101 360
101 362
101 363
101 374
102 4
102 2
102 37
102 38
102 411
102 65
102 67
102 84
102 91
102 102
102 103
102 106
102 108
102 131
102 413
102 138
102 414
102 149
102 158
102 166
102 172
102 180
102 185
102 200
102 201
102 582
102 229
102 246
102 252
102 263
102 266
102 267
102 281
102 284
102 311
102 322
102 349
102 358
103 608
103 2
103 37
103 38
103 411
103 47
103 49
103 65
103 579
103 683
103 76
103 580
103 92
103 102
103 106
103 110
103 125
103 132
103 581
103 145
103 147
103 151
103 159
103 176
103 180
103 182
103 200
103 212
103 214
103 417
103 232
103 233
103 252
103 266
103 561
103 287
103 336
103 339
103 684
103 350
103 351
104 576
104 16
104 2
104 67
104 413
104 134
104 185
104 582
104 685
105 2
105 33
105 413
105 150
105 180
105 201
105 254
105 322
105 340
976 564
976 635
106 420
106 4
106 2
106 38
106 76
106 84
106 89
106 91
106 102
106 103
106 108
106 125
106 131
106 132
106 413
106 581
106 212
106 266
106 269
106 284
106 311
106 467
106 348
107 430
107 16
107 2
107 447
107 158
107 171
107 180
107 196
107 212
107 237
107 281
107 287
107 341
107 351
107 373
108 575
108 608
108 2
108 490
108 447
108 401
108 49
108 55
108 56
108 65
108 84
108 92
108 102
108 106
108 110
108 125
108 131
108 149
108 151
108 686
108 159
108 177
108 184
108 520
108 648
108 284
108 332
108 344
108 358
109 7
109 2
109 432
109 41
109 440
109 65
109 70
109 436
109 437
109 190
109 687
110 4
110 2
110 447
110 37
110 38
110 52
110 65
110 67
110 91
110 103
110 167
110 176
110 417
110 245
110 269
110 649
110 371
423 5
423 9
423 12
423 749
423 433
423 434
423 593
423 41
423 47
423 48
423 52
423 53
423 916
423 917
423 190
423 211
423 217
423 255
726 567
726 600
726 559
586 772
586 749
586 651
586 25
586 635
586 584
586 671
586 750
586 953
586 954
586 625
586 955
586 588
586 589
586 922
586 956
586 952
454 9
454 620
454 599
454 410
454 447
454 491
454 436
500 620
500 632
500 568
500 396
500 25
500 398
500 399
500 494
500 435
500 51
500 449
500 402
500 500
500 645
500 152
500 158
500 461
500 595
500 193
500 238
500 945
500 920
500 256
500 642
111 9
111 475
111 620
111 688
111 14
111 608
111 2
111 395
111 552
111 396
111 482
111 397
111 444
111 29
111 447
111 448
111 492
111 434
111 494
111 3
111 401
111 50
111 574
111 57
111 65
111 450
111 497
111 101
111 111
111 112
111 405
111 460
111 472
111 640
111 652
111 325
111 544
921 420
921 620
921 19
921 442
921 635
921 402
921 671
921 979
921 952
112 476
112 620
112 608
112 2
112 482
112 486
112 399
112 39
112 40
112 411
112 422
112 56
112 65
112 450
112 436
112 87
112 91
112 97
112 111
112 112
112 117
112 594
112 131
112 151
112 166
112 183
112 205
112 210
112 226
112 408
112 232
112 248
112 252
112 263
112 308
403 420
403 4
403 430
403 7
403 9
403 10
403 620
403 12
403 394
403 19
403 483
403 484
403 398
403 29
403 433
403 445
403 447
403 491
403 470
403 434
403 3
403 401
403 48
403 50
403 57
403 441
403 497
403 436
403 87
403 671
403 787
403 130
403 745
403 149
403 508
403 163
403 519
403 610
403 214
403 409
403 537
403 308
501 7
501 620
501 12
501 447
501 52
501 449
501 57
501 58
501 436
501 94
501 501
501 594
501 513
501 352
113 620
113 394
113 470
113 436
113 113
113 122
114 420
114 620
114 421
114 2
114 469
114 651
114 29
114 445
114 447
114 399
114 574
114 402
114 57
114 405
114 518
114 652
471 475
471 11
471 620
471 393
471 938
471 469
471 663
471 635
471 29
471 447
471 470
471 399
471 574
471 57
471 93
471 460
471 472
471 408
951 676
951 620
951 566
951 677
951 635
951 664
951 555
951 951
115 420
115 689
115 620
115 393
115 394
115 2
115 395
115 482
115 26
115 447
115 434
115 399
115 65
115 66
115 497
115 436
115 571
115 101
115 690
115 285
116 2
116 691
116 471
116 116
116 668
914 692
914 7
914 9
914 676
914 674
914 677
914 635
914 616
914 446
914 913
914 447
914 495
914 753
914 914
914 925
914 915
914 669
914 927
914 929
914 930
914 963
914 415
914 845
914 648
671 749
671 634
671 635
671 445
671 586
671 954
671 625
671 957
671 958
671 955
671 588
671 589
671 960
671 922
671 837
671 956
671 952
117 619
117 430
117 9
117 475
117 421
117 393
117 2
117 398
117 486
117 29
117 445
117 447
117 491
117 492
117 399
117 574
117 55
117 65
117 683
117 500
117 112
117 671
117 117
117 162
117 623
117 256
118 2
118 410
118 49
118 65
118 571
118 100
118 101
118 233
119 692
119 7
119 2
119 41
119 411
119 62
119 65
119 101
119 500
119 119
119 128
119 192
119 519
119 582
119 207
119 220
119 425
120 420
120 7
120 2
120 693
120 35
120 52
120 574
120 122
120 594
120 669
120 154
120 194
120 217
120 694
121 2
121 452
121 695
121 208
977 635
424 5
424 6
424 16
424 724
424 410
424 577
424 67
424 579
424 428
424 79
424 412
424 424
424 670
424 134
424 581
424 149
424 582
424 214
424 219
424 228
424 236
424 243
424 846
424 245
424 425
424 296
424 351
424 741
122 394
122 632
122 19
122 2
122 434
122 35
122 644
122 436
122 241
123 4
123 2
123 696
124 2
124 65
124 91
124 101
124 124
124 418
124 335
125 692
125 2
125 410
125 65
125 83
125 103
125 106
125 125
125 679
125 212
125 214
125 263
125 364
126 608
126 2
126 410
126 577
126 76
126 79
126 85
126 98
126 126
126 679
126 627
126 232
126 263
812 410
812 579
812 647
127 420
127 394
127 445
127 447
127 35
127 47
127 65
127 613
127 127
127 136
127 572
127 208
127 344
594 9
594 568
594 713
594 767
594 635
594 398
594 27
594 489
594 40
594 440
594 556
594 449
594 57
594 58
594 579
594 436
594 112
594 501
594 120
594 455
594 581
594 147
594 404
594 405
594 154
594 460
594 617
594 639
594 628
594 834
594 523
594 214
594 618
594 771
594 592
594 642
594 262
594 537
594 694
813 410
128 421
128 2
128 479
128 395
128 29
128 447
128 470
128 492
128 422
128 65
128 81
128 88
128 119
128 128
128 193
128 220
128 389
129 7
129 2
129 634
129 484
129 664
129 697
129 38
129 46
129 56
129 72
129 84
129 89
129 100
129 110
129 414
129 148
129 149
129 150
129 698
129 163
129 166
129 673
129 183
129 200
129 252
129 530
129 280
129 349
925 692
925 674
925 635
925 616
925 773
925 446
925 913
925 449
925 914
925 671
925 750
925 695
925 915
925 926
925 669
925 927
925 928
925 929
925 930
925 931
925 963
750 420
750 772
750 431
750 674
750 749
750 635
750 693
750 616
750 773
750 913
750 586
750 925
750 750
750 953
750 625
750 955
750 588
750 589
750 967
750 922
750 226
750 956
750 883
695 692
695 431
695 635
695 773
695 446
695 913
695 470
695 435
695 753
695 121
695 925
695 695
695 926
695 928
695 929
695 930
695 581
695 520
695 389
915 692
915 674
915 635
915 693
915 616
915 773
915 913
915 914
915 925
915 926
915 927
915 928
915 930
915 931
915 415
926 692
926 475
926 674
926 397
926 635
926 693
926 773
926 446
926 913
926 925
926 695
926 915
926 926
926 669
926 928
926 929
926 964
926 415
926 997
669 688
669 674
669 635
669 693
669 616
669 773
669 913
669 494
669 77
669 87
669 914
669 120
669 925
669 926
669 928
669 210
669 291
927 692
927 674
927 635
927 773
927 446
927 913
927 914
927 925
927 915
927 927
927 928
927 930
927 931
927 260
928 692
928 674
928 635
928 693
928 773
928 445
928 446
928 913
928 925
928 695
928 915
928 926
928 669
928 927
928 929
928 930
928 931
928 963
928 965
929 692
929 674
929 635
929 616
929 446
929 914
929 925
929 695
929 928
929 930
929 931
929 963
929 964
930 635
930 616
930 773
930 446
930 913
930 492
930 914
930 925
930 695
930 915
930 927
930 928
930 929
930 931
931 692
931 674
931 635
931 446
931 913
931 470
931 925
931 915
931 927
931 928
931 929
931 930
931 963
931 879
931 900
963 674
963 635
963 616
963 914
963 925
963 927
963 928
963 929
963 931
784 420
784 756
784 476
784 477
784 938
784 635
784 444
784 486
784 401
784 422
784 584
784 743
784 924
784 429
787 9
787 713
787 554
787 410
787 433
787 447
787 491
787 600
787 402
787 496
787 571
787 403
130 420
130 475
130 11
130 476
130 421
130 393
130 12
130 394
130 2
130 633
130 481
130 396
130 482
130 483
130 397
130 663
130 635
130 484
130 398
130 444
130 486
130 487
130 488
130 489
130 447
130 470
130 494
130 495
130 401
130 402
130 57
130 58
130 450
130 497
130 498
130 403
130 699
130 455
130 472
130 517
130 188
130 521
130 524
130 526
130 527
130 529
130 531
130 533
130 260
130 474
130 274
130 536
130 537
130 540
130 544
130 546
130 547
130 548
130 549
502 12
502 502
502 673
502 615
814 7
814 552
814 410
814 447
814 600
814 500
978 635
978 445
978 595
131 7
131 2
131 102
131 106
131 108
131 112
131 138
131 284
132 2
132 65
132 683
132 84
132 601
132 96
132 99
132 103
132 106
132 132
132 140
132 700
132 150
132 158
132 219
132 243
132 252
132 263
132 288
132 342
815 410
816 599
816 432
816 410
816 687
745 635
745 745
745 598
745 222
745 920
745 776
979 635
979 921
979 757
979 746
979 891
817 410
817 491
817 771
503 482
503 444
503 401
503 597
503 503
503 655
133 420
133 430
133 7
133 2
133 436
133 386
670 792
670 619
670 9
670 689
670 479
670 410
670 29
670 433
670 445
670 447
670 492
670 434
670 630
670 402
670 441
670 613
670 79
670 769
670 571
670 810
670 763
670 424
670 670
670 179
670 762
670 680
670 662
699 9
699 475
699 421
699 397
699 635
699 444
699 486
699 447
699 491
699 401
699 130
699 699
699 934
413 4
413 7
413 410
413 85
413 102
413 104
413 105
413 106
413 413
413 679
413 654
413 218
413 323
134 4
134 16
134 2
134 426
134 38
134 411
134 47
134 65
134 428
134 101
134 104
134 424
134 134
134 148
134 149
134 200
134 582
134 212
134 214
134 219
134 224
134 417
134 228
134 233
134 245
134 701
134 377
135 431
135 2
135 494
135 57
135 65
135 101
135 262
949 635
949 435
949 550
949 949
136 2
136 397
136 40
136 47
136 63
136 127
136 136
136 152
136 161
136 208
136 310
136 327
818 432
818 553
818 410
818 557
818 609
137 16
137 2
137 447
137 600
137 441
137 276
137 286
138 2
138 433
138 434
138 38
138 400
138 43
138 53
138 58
138 65
138 101
138 102
138 131
138 138
138 702
138 626
138 198
138 416
138 647
138 210
138 220
138 463
138 263
138 703
139 50
414 4
414 6
414 575
414 24
414 410
414 411
414 52
414 579
414 428
414 69
414 89
414 412
414 101
414 102
414 129
414 581
414 184
414 582
414 213
414 214
414 705
414 417
414 844
414 263
414 742
414 349
557 14
557 612
557 432
557 553
557 554
557 410
557 29
557 447
557 555
557 585
557 818
557 823
557 558
557 609
557 715
557 847
557 890
140 2
140 410
140 101
140 132
140 675
140 582
140 649
980 676
980 635
980 981
980 987
980 999
980 942
981 676
981 635
981 980
981 989
504 421
504 12
504 432
504 492
504 68
504 87
504 504
504 347
819 410
455 9
455 12
455 426
455 663
455 27
455 486
455 448
455 450
455 87
455 88
455 594
455 130
455 455
455 166
455 517
455 830
455 642
455 354
704 420
704 475
704 466
704 410
704 447
704 146
820 599
820 798
820 410
820 660
141 2
141 630
141 65
141 90
141 173
141 308
141 348
935 9
935 393
935 397
935 635
935 27
935 445
935 401
935 423
935 981
935 461
935 923
982 635
982 594
142 475
142 11
142 2
142 470
142 434
142 579
142 626
142 290
143 2
143 65
143 68
143 69
143 85
143 143
143 145
143 331
581 420
581 619
581 24
581 410
581 447
581 755
581 37
581 41
581 428
581 79
581 101
581 103
581 106
581 424
581 594
581 695
581 414
581 162
581 762
581 216
581 243
581 701
581 870
581 709
581 696
667 619
667 758
667 410
667 428
667 76
667 700
667 679
667 200
667 861
667 907
144 4
144 575
144 2
144 38
144 77
144 89
144 155
144 164
144 165
144 177
144 180
144 181
144 182
144 183
144 184
144 185
144 186
144 187
145 6
145 16
145 2
145 103
145 143
145 147
145 149
145 675
145 582
146 4
146 421
146 632
146 2
146 24
146 447
146 411
146 47
146 65
146 579
146 100
146 101
146 704
146 149
146 214
146 705
146 228
146 706
147 6
147 2
147 47
147 52
147 65
147 99
147 101
147 103
147 594
147 145
147 188
147 219
147 707
148 4
148 6
148 2
148 490
148 447
148 65
148 428
148 129
148 134
148 194
148 582
148 212
148 705
148 224
148 701
148 290
148 649
148 385
983 635
983 981
983 762
983 861
983 867
149 4
149 7
149 608
149 2
149 445
149 447
149 46
149 47
149 65
149 578
149 579
149 91
149 102
149 403
149 424
149 134
149 145
149 146
149 149
149 151
149 159
149 168
149 183
149 186
149 193
149 582
149 210
149 212
149 214
149 216
149 609
149 708
149 525
149 243
149 266
149 279
656 410
656 67
656 656
656 618
984 9
984 635
984 518
645 475
645 635
645 500
645 781
645 770
456 793
456 782
456 9
456 475
456 688
456 393
456 599
456 395
456 552
456 634
456 443
456 397
456 635
456 398
456 744
456 600
456 401
456 574
456 402
456 496
456 450
456 436
456 405
456 779
456 208
456 717
456 790
456 531
821 612
821 410
821 433
821 435
700 567
700 410
700 560
700 805
700 571
700 601
700 500
700 132
700 667
700 829
700 572
700 642
150 4
150 2
150 67
150 76
150 132
150 158
150 229
150 649
778 448
778 495
778 510
151 7
151 575
151 16
151 2
151 399
151 38
151 411
151 46
151 52
151 65
151 91
151 96
151 103
151 108
151 112
151 149
151 164
151 168
151 177
151 200
151 582
151 214
151 216
151 408
151 269
151 308
151 649
151 709
151 351
757 635
757 979
757 254
457 9
457 635
152 420
152 7
152 9
152 2
152 482
152 398
152 27
152 433
152 447
152 491
152 493
152 400
152 402
152 65
152 66
152 87
152 101
152 500
152 136
152 673
152 187
152 191
152 193
152 234
152 530
152 346
153 420
153 395
153 553
153 710
153 485
153 711
153 401
153 597
153 58
153 153
153 505
153 520
153 712
506 658
506 12
506 552
506 396
506 482
506 484
506 486
506 448
506 399
506 401
506 505
506 506
661 564
661 567
661 633
661 410
661 73
661 571
661 824
661 865
507 27
507 458
507 510
507 779
507 461
508 18
508 482
508 442
508 432
508 443
508 29
508 433
508 470
508 41
508 449
508 402
508 450
508 453
508 403
508 508
508 462
508 775
458 9
458 478
458 443
458 398
458 444
458 433
458 448
458 470
458 492
458 434
458 404
458 461
458 166
458 407
458 542
509 447
509 402
509 458
953 772
953 749
953 635
953 3
953 586
953 750
953 953
953 625
953 959
953 955
953 588
953 589
953 967
953 956
953 952
510 443
510 397
510 946
510 507
510 510
932 9
932 475
932 393
932 481
932 635
932 693
932 470
932 401
932 449
932 402
932 497
932 932
459 9
459 476
459 478
459 552
459 482
459 397
459 635
459 398
459 444
459 27
459 486
459 433
459 447
459 470
459 401
459 402
459 571
459 130
459 153
459 459
459 717
788 397
788 635
788 404
788 415
511 482
511 397
511 398
511 401
511 574
511 402
511 940
511 511
511 533
954 420
954 749
954 970
954 634
954 651
954 635
954 445
954 586
954 671
954 954
954 625
954 957
954 958
954 959
954 955
954 588
954 589
954 960
954 922
954 956
954 952
954 885
404 430
404 393
404 395
404 635
404 398
404 433
404 447
404 3
404 449
404 402
404 594
404 458
404 788
404 404
404 405
404 415
404 518
404 771
404 648
404 789
637 466
637 478
637 635
637 27
637 445
637 446
637 449
637 57
637 637
637 727
637 523
637 717
657 9
657 635
657 29
657 434
657 402
657 67
657 453
657 934
512 492
512 402
512 512
512 717
405 475
405 689
405 421
405 393
405 478
405 395
405 552
405 396
405 635
405 398
405 29
405 433
405 445
405 447
405 470
405 434
405 399
405 636
405 400
405 3
405 574
405 78
405 497
405 111
405 594
405 456
405 404
405 405
405 460
405 165
405 518
405 717
405 790
405 532
779 619
779 443
779 397
779 635
779 398
779 448
779 434
779 494
779 402
779 456
779 507
779 458
779 510
779 627
513 475
513 12
513 447
513 492
513 501
513 647
822 410
822 843
822 607
822 864
916 635
916 423
916 627
614 635
614 189
154 431
154 9
154 2
154 436
154 120
154 594
155 420
155 430
155 9
155 475
155 2
155 713
155 398
155 445
155 492
155 434
155 65
155 144
156 420
156 2
156 445
156 65
156 671
156 156
514 475
514 12
514 488
514 448
514 510
514 541
157 431
157 26
157 309
659 793
659 410
659 660
964 674
964 635
964 616
964 913
964 636
964 753
964 929
964 717
964 942
964 881
823 475
823 564
823 410
823 557
823 509
823 823
686 635
686 448
686 946
686 579
686 249
460 9
460 468
460 395
460 635
460 616
460 399
460 58
460 441
460 93
460 594
460 405
460 647
460 207
460 408
460 244
460 409
460 464
460 263
460 306
415 782
415 4
415 692
415 635
415 616
415 446
415 913
415 434
415 53
415 606
415 914
415 915
415 404
415 628
415 747
650 475
650 410
650 600
650 650
158 11
158 2
158 33
158 38
158 39
158 556
158 48
158 65
158 84
158 96
158 102
158 107
158 500
158 112
158 132
158 150
158 162
158 164
158 646
158 166
158 185
158 519
158 202
158 217
158 229
158 245
158 252
158 263
158 269
158 280
158 306
158 316
158 714
515 12
461 420
461 9
461 421
461 393
461 443
461 635
461 433
461 445
461 448
461 401
461 436
461 500
461 935
461 507
461 458
461 509
461 461
461 595
461 923
461 464
761 420
761 9
761 475
761 635
761 484
761 29
761 488
761 445
761 402
761 671
159 420
159 2
159 24
159 47
159 82
159 103
159 108
159 149
159 168
159 610
159 259
159 269
159 361
160 2
160 399
160 160
161 2
161 399
161 97
161 136
161 208
161 715
161 260
161 315
780 635
780 27
780 434
780 399
780 738
462 9
462 689
462 564
462 567
462 483
462 635
462 444
462 486
462 447
462 399
462 495
462 57
462 450
462 130
462 508
462 458
462 462
462 687
462 529
162 393
162 2
162 398
162 433
162 434
162 399
162 435
162 613
162 117
162 581
162 158
162 162
162 627
162 199
162 202
162 317
727 393
727 492
727 35
727 399
727 574
727 93
727 727
698 393
698 632
698 635
698 744
698 470
698 492
698 399
698 495
698 574
698 450
698 594
698 129
698 698
698 166
739 420
739 431
739 651
739 410
739 483
739 397
739 29
739 433
739 447
739 600
739 399
739 574
739 605
739 496
739 153
739 661
739 739
739 207
739 274
781 420
781 468
781 635
781 444
781 27
781 470
781 399
781 574
781 402
781 645
472 11
472 12
472 396
472 399
472 644
472 111
472 471
472 130
472 472
472 192
472 640
472 205
472 615
472 718
472 260
472 536
163 475
163 2
163 25
163 399
163 593
163 56
163 496
163 451
163 403
163 163
163 166
163 654
163 716
163 305
516 12
516 399
516 57
516 97
164 2
164 399
164 65
164 102
164 144
164 151
164 158
164 183
164 269
164 277
164 322
164 361
646 466
646 552
646 410
646 399
646 58
646 87
646 158
646 517
646 202
165 9
165 2
165 395
165 552
165 398
165 433
165 447
165 399
165 65
165 144
165 405
165 717
943 393
943 941
943 663
943 484
943 27
943 447
943 35
943 399
943 402
943 93
943 727
943 647
166 4
166 9
166 2
166 432
166 470
166 399
166 37
166 50
166 52
166 67
166 102
166 112
166 129
166 455
166 458
166 158
166 698
166 163
166 166
166 407
166 205
166 718
166 262
702 475
702 478
702 397
702 635
702 398
702 444
702 29
702 447
702 399
702 401
702 597
702 574
702 402
702 130
702 138
638 396
638 635
638 29
638 399
638 402
638 57
638 496
638 450
638 130
638 638
936 420
936 393
936 479
936 469
936 635
936 399
936 574
936 97
936 739
517 12
517 19
517 484
517 447
517 448
517 399
517 497
517 436
517 130
517 455
517 458
517 639
517 407
517 207
517 615
517 260
517 544
985 420
985 632
985 635
985 399
985 436
985 113
985 461
986 9
986 635
986 27
986 447
986 470
986 399
986 499
986 671
986 991
937 9
937 635
937 484
937 488
937 470
937 574
937 937
824 758
824 564
824 567
824 599
824 410
824 600
824 613
824 601
824 412
824 817
824 661
824 824
824 662
602 14
602 410
602 32
602 550
673 688
673 410
673 398
673 494
673 449
673 87
673 129
673 502
673 152
673 611
673 944
673 771
673 530
825 793
825 564
825 567
825 633
825 552
825 410
825 491
825 560
825 600
825 571
825 601
825 661
825 659
825 687
825 762
825 660
825 662
825 668
825 886
167 2
167 410
167 65
167 101
167 110
167 167
736 552
736 410
736 496
736 199
736 894
987 676
987 756
987 635
987 981
987 989
988 566
988 635
989 635
989 981
989 987
917 420
917 9
917 442
917 635
917 27
917 445
917 447
917 423
587 420
587 430
587 634
587 25
587 635
587 33
587 436
587 587
587 175
587 416
587 219
587 590
587 752
587 255
587 281
826 792
826 7
826 564
826 567
826 599
826 410
826 433
826 560
826 600
826 434
826 769
826 571
826 601
826 659
826 762
826 660
168 2
168 38
168 411
168 65
168 67
168 91
168 98
168 149
168 151
168 159
168 214
168 259
168 278
168 332
168 358
169 7
169 2
169 3
169 610
169 256
169 339
170 2
170 67
170 179
170 182
170 229
170 264
170 379
171 10
171 2
171 77
171 263
171 559
172 2
172 24
172 38
172 76
172 89
172 102
172 180
172 229
172 263
173 16
173 608
173 2
173 447
173 32
173 491
173 65
173 436
173 141
173 173
173 179
173 719
173 314
174 2
174 451
174 105
174 679
175 2
175 584
175 587
679 632
679 410
679 579
679 98
679 125
679 126
679 667
679 679
679 846
176 4
176 2
176 447
176 49
176 85
176 103
176 110
176 176
176 696
177 7
177 575
177 2
177 48
177 67
177 108
177 144
177 151
177 187
177 348
990 635
178 16
178 608
178 2
178 433
178 447
179 431
179 2
179 447
179 65
179 66
179 496
179 88
179 170
179 173
179 418
179 241
179 263
179 720
179 721
919 635
919 435
919 149
919 919
180 2
180 67
180 102
180 105
180 144
180 172
180 180
180 229
180 722
180 308
181 2
181 144
182 4
182 2
182 447
182 3
182 103
182 144
182 170
182 349
183 431
183 7
183 608
183 2
183 713
183 38
183 46
183 56
183 65
183 67
183 89
183 112
183 129
183 144
183 149
183 164
183 183
183 308
183 367
184 7
184 47
184 50
184 414
184 144
184 723
184 714
184 355
185 2
185 37
185 102
185 104
185 105
185 144
185 158
185 174
185 185
185 263
186 4
186 575
186 2
186 724
186 411
186 67
186 91
186 144
186 149
186 186
186 219
186 344
187 2
187 683
187 144
187 249
595 431
595 466
595 421
595 635
595 27
595 446
595 447
595 470
595 492
595 434
595 593
595 725
595 500
595 461
188 12
188 2
188 410
188 635
188 725
188 653
188 57
188 65
188 66
188 605
188 93
188 726
188 130
188 147
188 727
188 728
188 729
188 730
188 573
759 475
759 635
759 484
759 485
759 487
759 488
759 498
759 510
759 759
759 615
759 260
189 475
189 11
189 2
189 29
189 401
189 574
189 449
189 614
189 189
189 270
189 731
827 564
827 410
827 601
827 412
827 820
827 826
827 762
827 836
827 660
827 848
827 868
827 668
617 469
617 410
617 398
617 41
617 91
617 594
617 458
617 617
617 830
617 244
518 393
518 395
518 447
518 470
518 594
518 405
518 518
518 534
190 2
190 445
190 496
190 436
190 109
190 423
190 174
190 190
190 234
191 420
191 2
191 152
191 191
192 619
192 688
192 394
192 2
192 732
192 664
192 411
192 571
192 733
192 119
192 508
192 472
192 416
192 525
192 528
639 635
639 29
639 447
639 57
639 594
639 517
639 642
639 534
626 635
626 38
626 53
626 138
626 142
626 626
626 765
626 746
828 608
828 612
828 599
828 426
828 410
828 433
828 441
828 828
828 607
828 904
193 689
193 478
193 2
193 732
193 432
193 52
193 53
193 56
193 606
193 734
193 452
193 500
193 128
193 149
193 152
193 193
193 519
193 416
193 220
627 420
627 447
627 624
627 435
627 53
627 57
627 578
627 91
627 126
627 779
627 916
627 162
627 647
627 582
627 611
627 968
687 793
687 786
687 688
687 477
687 564
687 599
687 552
687 482
687 432
687 410
687 402
687 678
687 585
687 109
687 687
687 762
687 660
687 850
687 785
625 772
625 688
625 749
625 635
625 445
625 621
625 52
625 586
625 671
625 750
625 953
625 954
625 625
625 957
625 958
625 959
625 955
625 588
625 589
625 960
625 967
625 922
625 956
625 306
957 475
957 749
957 970
957 635
957 671
957 954
957 625
957 957
957 958
957 959
957 955
957 588
957 589
957 960
957 922
957 952
958 772
958 749
958 635
958 671
958 954
958 625
958 957
958 959
958 955
958 588
958 589
958 960
958 967
958 922
959 772
959 475
959 749
959 635
959 953
959 625
959 957
959 958
959 959
959 955
959 588
959 589
959 960
959 922
955 772
955 676
955 749
955 635
955 586
955 671
955 750
955 953
955 954
955 625
955 957
955 958
955 959
955 955
955 588
955 589
955 960
955 922
955 226
955 956
955 952
588 772
588 749
588 634
588 25
588 635
588 586
588 671
588 750
588 953
588 954
588 625
588 957
588 958
588 959
588 955
588 588
588 589
588 960
588 922
588 952
588 885
589 420
589 772
589 749
589 570
589 634
589 651
589 25
589 635
589 447
589 574
589 586
589 671
589 750
589 953
589 954
589 625
589 957
589 958
589 959
589 955
589 588
589 589
589 960
589 922
589 956
589 952
589 885
960 420
960 772
960 749
960 651
960 635
960 734
960 671
960 954
960 625
960 957
960 958
960 959
960 955
960 588
960 589
960 922
960 956
960 952
960 885
967 772
967 430
967 635
967 750
967 953
967 625
967 958
967 967
922 772
922 9
922 749
922 570
922 970
922 635
922 586
922 671
922 750
922 954
922 625
922 957
922 958
922 959
922 955
922 588
922 589
922 960
922 922
922 956
922 952
765 480
765 635
765 624
765 578
765 734
765 626
765 765
765 416
765 321
829 410
829 973
829 601
829 700
829 572
829 762
829 719
572 619
572 21
572 567
572 410
572 613
572 601
572 127
572 700
572 661
572 829
572 572
572 762
572 660
406 430
406 445
406 448
406 400
406 3
406 671
406 458
830 393
830 410
830 663
830 492
830 455
830 617
519 7
519 9
519 12
519 486
519 400
519 78
519 403
519 594
519 193
519 519
519 225
194 394
194 2
194 577
194 65
194 120
194 148
194 735
194 293
194 344
675 792
675 619
675 7
675 599
675 432
675 410
675 448
675 435
675 579
675 441
675 89
675 412
675 140
675 145
675 824
675 675
675 681
520 689
520 396
520 710
520 571
520 153
520 520
831 420
831 564
831 599
831 410
831 397
831 27
831 435
831 402
831 824
831 831
610 430
610 431
610 479
610 482
610 483
610 635
610 664
610 593
610 39
610 112
610 403
610 159
610 169
610 610
610 737
195 2
195 433
195 65
195 66
195 211
196 2
196 62
196 107
196 418
196 285
521 420
521 482
521 402
521 130
521 521
628 635
628 53
628 594
628 415
628 628
628 598
628 746
628 629
628 968
628 747
672 393
672 635
672 433
672 81
672 521
672 672
672 717
832 410
832 832
197 5
197 475
197 421
197 2
197 479
197 442
197 29
197 447
197 491
197 470
197 65
197 66
197 436
197 97
197 208
198 65
198 436
198 86
198 138
198 509
198 260
198 703
416 4
416 10
416 466
416 567
416 635
416 445
416 490
416 492
416 37
416 38
416 495
416 53
416 57
416 65
416 606
416 138
416 149
416 587
416 192
416 193
416 765
416 217
416 590
833 567
833 599
833 410
833 833
833 660
947 426
947 635
947 52
947 91
947 647
947 527
947 464
654 410
654 65
654 67
654 428
654 451
654 91
654 413
654 163
654 232
762 792
762 758
762 793
762 688
762 795
762 633
762 552
762 396
762 432
762 710
762 554
762 410
762 591
762 577
762 806
762 422
762 769
762 678
762 571
762 811
762 670
762 581
762 825
762 826
762 827
762 687
762 829
762 572
762 836
762 582
762 660
762 655
762 754
762 856
762 867
762 662
762 298
762 740
762 707
762 888
762 893
762 896
762 899
762 911
647 635
647 29
647 447
647 434
647 402
647 436
647 138
647 513
647 460
647 943
647 627
647 934
647 463
834 9
834 410
834 447
834 441
834 594
834 834
834 891
199 16
199 2
199 490
199 100
199 162
199 736
690 421
690 635
690 29
690 624
690 115
690 690
690 835
835 420
835 410
835 690
835 835
200 4
200 431
200 2
200 29
200 50
200 402
200 65
200 683
200 436
200 100
200 102
200 103
200 129
200 134
200 667
200 151
200 200
200 212
200 219
200 224
200 243
200 245
200 685
200 272
200 349
200 385
201 420
201 430
201 431
201 7
201 575
201 475
201 608
201 2
201 447
201 593
201 46
201 53
201 77
201 102
201 105
201 162
201 171
201 179
201 737
201 263
202 9
202 2
202 568
202 433
202 65
202 66
202 112
202 158
202 162
202 646
202 202
202 408
202 735
203 2
203 482
203 433
203 711
203 65
203 203
203 738
738 635
738 780
738 203
836 567
836 410
836 600
836 691
836 762
836 836
836 853
522 430
522 12
522 396
522 447
522 450
522 508
522 522
522 261
558 14
558 599
558 432
558 553
558 554
558 410
558 436
558 585
558 557
558 558
558 890
582 575
582 576
582 24
582 410
582 577
582 52
582 631
582 67
582 428
582 412
582 102
582 104
582 119
582 424
582 134
582 414
582 140
582 145
582 148
582 149
582 151
582 627
582 762
582 582
582 933
582 214
582 623
582 417
582 681
582 706
582 649
582 336
582 339
582 419
582 902
640 420
640 9
640 421
640 393
640 468
640 395
640 396
640 482
640 397
640 663
640 635
640 398
640 444
640 486
640 445
640 447
640 470
640 492
640 434
640 401
640 574
640 402
640 57
640 734
640 571
640 111
640 505
640 460
640 461
640 472
640 595
640 717
598 635
598 31
598 606
598 745
598 628
598 598
598 222
598 629
598 369
407 397
407 635
407 398
407 444
407 486
407 445
407 3
407 401
407 449
407 422
407 450
407 497
407 113
407 153
407 505
407 458
407 166
407 517
407 205
407 223
407 615
407 409
407 544
204 7
204 2
204 445
204 447
204 434
204 65
204 436
205 9
205 11
205 19
205 2
205 663
205 433
205 447
205 434
205 401
205 65
205 73
205 75
205 497
205 436
205 112
205 472
205 166
205 687
205 407
205 260
205 536
206 2
206 552
206 397
206 447
206 492
206 422
206 206
206 474
206 271
791 635
791 940
791 408
207 420
207 430
207 11
207 12
207 394
207 2
207 483
207 38
207 449
207 58
207 64
207 65
207 71
207 436
207 119
207 130
207 460
207 739
207 517
207 205
207 219
207 220
207 260
207 285
207 298
207 342
207 354
208 10
208 624
208 434
208 40
208 401
208 47
208 55
208 121
208 127
208 136
208 456
208 161
208 197
208 719
208 310
208 327
208 344
209 2
209 209
209 211
210 2
210 491
210 62
210 65
210 87
210 112
210 669
210 138
210 149
210 210
210 220
210 232
210 292
210 321
210 357
622 9
622 397
622 433
622 470
622 492
622 434
622 593
211 619
211 2
211 492
211 39
211 45
211 65
211 441
211 89
211 423
211 195
211 209
211 216
211 300
211 364
719 430
719 421
719 393
719 468
719 397
719 635
719 444
719 29
719 447
719 624
719 492
719 401
719 508
719 173
719 829
719 208
719 346
212 4
212 11
212 2
212 426
212 433
212 447
212 37
212 46
212 67
212 578
212 82
212 91
212 103
212 107
212 500
212 125
212 134
212 140
212 148
212 149
212 200
212 212
212 219
212 224
212 245
212 263
212 279
212 649
933 430
933 431
933 475
933 421
933 564
933 480
933 635
933 445
933 447
933 434
933 755
933 805
933 452
933 594
933 129
933 582
933 923
523 430
523 9
523 421
523 12
523 468
523 394
523 608
523 395
523 482
523 397
523 398
523 447
523 491
523 434
523 3
523 450
523 436
523 594
523 458
523 637
523 687
213 4
213 2
213 447
213 37
213 65
213 75
213 101
213 414
213 213
746 792
746 772
746 431
746 635
746 433
746 31
746 400
746 606
746 979
746 626
746 628
746 746
746 222
746 529
746 747
214 4
214 632
214 2
214 25
214 426
214 410
214 489
214 447
214 411
214 47
214 65
214 579
214 428
214 91
214 103
214 403
214 424
214 125
214 594
214 134
214 414
214 146
214 149
214 151
214 168
214 582
214 216
214 250
214 263
214 306
214 740
214 351
214 741
215 393
215 12
215 2
215 470
215 65
991 635
705 410
705 412
705 414
705 146
705 148
705 230
705 706
623 619
623 410
623 427
623 50
623 805
623 571
623 117
623 582
623 623
623 884
216 2
216 65
216 89
216 91
216 581
216 149
216 151
216 211
216 214
216 609
216 263
837 9
837 565
837 567
837 552
837 410
837 27
837 671
837 659
837 627
217 420
217 608
217 2
217 560
217 65
217 67
217 584
217 734
217 87
217 423
217 120
217 158
217 416
217 217
217 220
217 425
217 742
218 2
218 65
218 72
218 743
218 413
218 218
218 220
219 4
219 2
219 24
219 410
219 411
219 56
219 65
219 428
219 83
219 91
219 424
219 132
219 134
219 147
219 587
219 186
219 200
219 207
219 212
219 219
219 417
219 262
219 561
219 283
219 707
220 475
220 11
220 2
220 433
220 447
220 434
220 65
220 87
220 88
220 119
220 128
220 138
220 193
220 207
220 210
220 217
220 218
220 220
220 285
220 293
221 2
221 24
221 79
222 4
222 7
222 2
222 744
222 31
222 53
222 606
222 745
222 598
222 746
222 222
222 629
222 747
222 353
222 369
774 756
774 394
774 635
774 486
774 616
774 744
774 447
774 405
774 525
223 2
223 29
223 433
223 470
223 440
223 605
223 505
223 407
609 421
609 612
609 426
609 553
609 410
609 38
609 818
609 557
609 149
609 216
609 912
708 410
708 433
708 445
708 149
728 188
224 16
224 608
224 2
224 490
224 100
224 134
224 148
224 200
224 212
224 245
225 2
225 748
225 665
225 519
225 225
838 410
838 872
417 4
417 410
417 490
417 447
417 411
417 65
417 101
417 103
417 110
417 134
417 414
417 679
417 582
417 219
417 232
417 418
417 684
839 410
839 577
992 635
992 402
717 658
717 478
717 395
717 396
717 22
717 663
717 635
717 444
717 402
717 456
717 458
717 637
717 512
717 405
717 964
717 672
717 717
717 775
717 785
717 876
226 394
226 749
226 599
226 563
226 470
226 112
226 750
226 226
226 295
840 410
841 431
841 410
841 503
227 433
227 447
227 436
611 410
611 447
611 673
611 627
611 611
228 9
228 2
228 445
228 470
228 65
228 499
228 424
228 134
228 146
228 228
408 9
408 12
408 27
408 433
408 434
408 3
408 401
408 449
408 56
408 112
408 151
408 460
408 202
408 791
408 408
408 409
408 263
408 537
408 345
229 17
229 2
229 83
229 92
229 100
229 102
229 150
229 158
229 170
229 172
229 180
229 269
229 322
229 379
712 688
712 410
712 153
712 712
230 420
230 430
230 475
230 2
230 480
230 29
230 445
230 65
230 100
230 157
230 705
230 230
230 302
232 394
232 16
232 2
232 410
232 491
232 492
232 56
232 65
232 79
232 83
232 98
232 101
232 103
232 112
232 126
232 654
232 210
232 358
680 410
680 100
680 670
680 680
680 890
681 410
681 427
681 579
681 412
681 675
681 582
681 233
681 740
418 4
418 410
418 447
418 579
418 91
418 100
418 124
418 179
418 196
418 417
418 418
418 245
233 2
233 65
233 66
233 67
233 100
233 101
233 103
233 118
233 134
233 681
590 674
590 25
590 635
590 616
590 415
590 587
590 416
590 590
590 425
660 793
660 7
660 9
660 410
660 398
660 447
660 600
660 73
660 678
660 571
660 820
660 661
660 659
660 825
660 826
660 687
660 572
660 762
660 754
660 856
660 891
660 899
234 11
234 393
234 2
234 25
234 397
234 433
234 445
234 447
234 434
234 574
234 57
234 65
234 152
234 341
842 420
842 475
842 432
842 410
842 842
235 398
235 433
235 436
235 235
235 241
236 2
236 79
236 424
603 410
603 32
603 571
603 601
993 635
993 993
615 420
615 475
615 658
615 393
615 394
615 633
615 469
615 635
615 484
615 398
615 444
615 40
615 636
615 400
615 3
615 653
615 961
615 57
615 500
615 502
615 405
615 460
615 472
615 517
615 179
615 759
615 407
615 223
615 615
615 944
615 532
615 260
843 410
843 447
843 822
843 847
843 607
843 864
706 576
706 410
706 428
706 146
706 582
706 705
706 351
237 430
237 2
237 448
237 434
237 55
237 65
237 436
844 410
844 560
844 428
844 414
844 844
729 188
238 9
238 565
238 2
238 710
238 397
238 29
238 433
238 447
238 448
238 434
238 621
238 401
238 449
238 65
238 436
238 500
238 671
238 153
238 505
238 203
238 289
524 12
524 485
524 488
524 130
790 395
790 397
790 635
790 29
790 744
790 973
790 574
790 456
790 405
790 518
790 760
845 552
845 410
845 914
845 648
944 635
944 484
944 673
944 615
944 944
945 475
945 635
945 500
945 505
945 673
655 420
655 430
655 393
655 396
655 482
655 635
655 444
655 492
655 401
655 597
655 402
655 65
655 450
655 571
655 503
655 762
655 655
655 924
655 300
737 793
737 393
737 394
737 632
737 564
737 432
737 553
737 410
737 600
737 359
525 12
525 426
525 40
525 84
525 149
525 192
525 774
525 525
525 311
239 430
239 431
239 11
239 2
239 398
239 447
239 491
239 470
239 65
239 497
239 436
239 239
239 751
240 2
240 552
240 29
240 433
240 447
240 491
240 240
240 730
438 7
438 635
241 19
241 2
241 433
241 447
241 434
241 574
241 436
241 122
241 179
241 235
241 752
242 2
242 58
242 65
242 66
242 242
715 420
715 608
715 410
715 744
715 491
715 557
715 161
715 715
715 325
715 356
243 2
243 599
243 577
243 65
243 579
243 79
243 601
243 424
243 132
243 581
243 149
243 200
243 243
846 410
846 579
846 424
846 679
846 243
846 766
244 420
244 65
244 753
244 460
244 244
244 754
641 432
641 553
641 410
641 57
641 659
526 420
526 9
526 393
526 12
526 19
526 485
526 27
526 488
526 433
526 447
526 495
526 402
526 498
526 130
526 526
526 534
526 474
526 540
526 546
526 547
754 432
754 553
754 410
754 27
754 445
754 436
754 762
754 660
754 244
245 4
245 16
245 2
245 24
245 755
245 411
245 47
245 65
245 67
245 437
245 110
245 424
245 134
245 158
245 200
245 212
245 224
245 418
245 245
245 285
245 649
245 360
245 364
629 635
629 53
629 969
629 628
629 598
629 222
629 629
629 246
629 968
847 410
847 27
847 433
847 434
847 441
847 436
847 557
847 153
847 505
847 843
847 419
685 576
685 410
685 104
685 200
685 685
716 918
716 635
716 163
716 997
923 19
923 443
923 397
923 635
923 445
923 448
923 402
923 935
923 661
923 461
923 933
923 923
920 432
920 635
920 435
920 578
920 500
920 745
246 2
246 734
246 102
246 629
246 247
247 2
247 246
248 2
248 43
248 112
248 210
248 248
248 261
948 635
948 948
948 994
249 2
249 65
249 686
249 187
249 363
994 635
994 447
994 436
994 948
994 994
250 593
250 214
250 250
250 694
848 552
848 410
848 491
848 465
425 5
425 918
425 410
425 412
425 119
425 424
425 217
425 590
425 425
425 279
425 892
968 635
968 435
968 626
968 627
968 628
968 629
849 575
849 576
849 410
251 682
251 62
251 65
251 251
251 618
775 552
775 469
775 396
775 432
775 635
775 444
775 447
775 491
775 492
775 636
775 402
775 605
775 946
775 783
775 508
775 717
775 775
527 420
527 430
527 7
527 475
527 12
527 651
527 433
527 445
527 447
527 470
527 434
527 3
527 574
527 436
527 130
527 458
527 627
527 947
527 541
618 635
618 447
618 801
618 41
618 83
618 594
618 656
618 251
618 618
618 649
776 476
776 396
776 635
776 584
776 745
771 393
771 632
771 569
771 633
771 410
771 594
771 817
771 153
771 505
771 404
771 673
771 771
771 789
648 395
648 552
648 482
648 410
648 447
648 58
648 65
648 914
648 404
648 648
956 772
956 749
956 634
956 635
956 586
956 671
956 750
956 953
956 954
956 625
956 955
956 589
956 960
956 922
956 956
956 883
956 885
252 608
252 2
252 443
252 38
252 65
252 82
252 91
252 96
252 102
252 103
252 112
252 125
252 129
252 132
252 149
252 158
252 232
252 358
604 410
604 32
604 807
604 604
995 692
995 688
995 635
995 445
995 149
995 997
528 12
528 432
528 491
528 733
528 192
528 528
850 599
850 470
996 635
409 9
409 12
409 608
409 395
409 442
409 397
409 398
409 3
409 402
409 56
409 403
409 456
409 460
409 407
409 408
409 263
409 268
253 430
253 29
253 65
253 72
529 12
529 552
529 444
529 486
529 578
529 130
529 718
530 9
530 12
530 496
530 129
530 673
530 530
530 354
701 420
701 410
701 134
701 581
701 148
851 410
851 441
934 393
934 396
934 482
934 635
934 484
934 452
934 503
934 699
934 459
934 657
934 647
852 612
852 432
852 554
852 410
852 852
853 564
853 599
853 410
853 433
853 491
853 600
853 605
853 571
853 824
853 836
853 850
854 599
854 410
854 854
777 9
777 475
777 393
777 567
777 552
777 396
777 410
777 398
777 444
777 27
777 447
777 600
777 441
777 436
777 661
777 777
777 863
855 692
855 475
855 410
855 458
855 465
997 692
997 9
997 475
997 918
997 421
997 397
997 635
997 447
997 926
997 716
997 995
997 997
752 9
752 421
752 564
752 410
752 397
752 941
752 556
752 441
752 436
718 420
718 782
718 475
718 432
718 635
718 486
718 450
718 472
718 166
718 529
592 26
592 410
592 556
592 594
592 592
254 756
254 564
254 2
254 105
254 757
254 374
255 9
255 475
255 393
255 2
255 397
255 27
255 486
255 447
255 448
255 495
255 422
255 57
255 451
255 423
255 587
255 255
531 421
531 393
531 12
531 18
531 552
531 482
531 484
531 447
531 401
531 58
531 450
531 130
531 456
531 405
531 260
531 347
856 410
856 447
856 402
856 661
856 659
856 687
856 762
856 660
998 635
785 482
785 635
785 492
785 401
785 402
785 458
785 687
785 717
463 9
463 635
463 138
463 647
463 463
751 420
751 15
751 651
751 635
751 444
751 744
751 456
751 273
256 2
256 56
256 734
256 93
256 500
256 117
256 162
256 169
256 287
257 420
257 2
257 257
939 420
939 475
939 658
939 635
939 827
258 475
258 27
258 29
258 447
258 470
258 400
258 495
258 402
258 453
857 599
857 410
857 434
857 436
857 873
652 476
652 688
652 396
652 635
652 489
652 574
652 64
652 66
652 78
652 111
652 114
652 405
652 936
652 642
789 420
789 393
789 410
789 734
789 404
789 771
439 410
439 29
439 447
439 491
439 659
439 595
439 687
439 439
464 9
464 466
464 421
464 19
464 635
464 398
464 27
464 445
464 470
464 434
464 401
464 402
464 436
464 453
464 458
464 460
464 461
464 627
532 12
532 552
532 634
532 432
532 553
532 398
532 57
532 405
533 476
533 393
533 12
533 482
533 444
533 445
533 447
533 470
533 492
533 434
533 3
533 450
533 436
533 130
533 511
533 533
533 539
642 475
642 396
642 634
642 635
642 444
642 29
642 447
642 574
642 57
642 64
642 500
642 594
642 455
642 700
642 639
642 652
642 642
642 534
952 749
952 970
952 634
952 635
952 470
952 806
952 584
952 586
952 921
952 671
952 953
952 954
952 957
952 955
952 588
952 589
952 960
952 922
965 674
965 635
965 773
965 446
965 913
965 753
965 928
999 635
999 402
999 497
999 980
999 999
999 942
942 478
942 482
942 941
942 635
942 980
942 964
942 999
942 942
534 9
534 475
534 393
534 12
534 398
534 29
534 433
534 445
534 447
534 57
534 594
534 518
534 639
534 526
534 642
534 534
259 758
259 564
259 565
259 2
259 600
259 159
259 168
607 612
607 410
607 37
607 441
607 822
607 828
607 843
607 864
1 2
1 3
1 1
260 11
260 476
260 2
260 396
260 483
260 663
260 484
260 485
260 444
260 447
260 440
260 3
260 60
260 65
260 75
260 436
260 130
260 161
260 472
260 517
260 759
260 205
260 207
260 615
260 531
260 274
260 354
261 430
261 421
261 2
261 396
261 447
261 35
261 411
261 65
261 605
261 130
261 522
261 248
261 261
261 760
262 2
262 491
262 594
262 135
262 166
262 219
760 9
760 393
760 635
760 940
760 790
760 261
760 760
858 7
858 475
858 410
858 445
858 447
858 434
858 441
858 436
858 113
858 671
858 858
858 465
747 635
747 415
747 628
747 746
747 222
1000 9
1000 421
1000 599
1000 563
1000 635
473 9
473 11
473 658
473 397
473 635
473 27
473 448
473 470
473 440
473 401
473 93
473 770
473 273
770 635
770 434
770 783
770 500
770 645
770 473
770 770
770 347
535 431
535 12
535 394
535 34
535 493
535 139
535 472
263 619
263 2
263 664
263 37
263 46
263 65
263 76
263 91
263 98
263 102
263 112
263 125
263 126
263 132
263 138
263 414
263 460
263 158
263 171
263 172
263 179
263 185
263 201
263 212
263 214
263 216
263 408
263 409
263 266
263 287
263 308
263 316
263 348
263 355
264 4
264 2
264 76
264 170
264 308
265 2
924 420
924 421
924 482
924 635
924 444
924 492
924 597
924 962
924 402
924 743
924 784
924 503
924 655
924 924
742 393
742 410
742 447
742 414
742 650
742 217
742 742
266 2
266 37
266 38
266 67
266 82
266 89
266 91
266 102
266 103
266 106
266 149
266 263
266 348
267 2
267 67
267 82
267 89
267 102
267 348
268 608
268 2
268 410
268 33
268 434
268 3
268 57
268 73
268 409
268 268
268 289
859 410
859 27
269 2
269 47
269 106
269 110
269 151
269 158
269 159
269 229
269 316
860 410
270 2
270 189
474 9
474 475
474 11
474 421
474 12
474 482
474 397
474 635
474 445
474 447
474 3
474 57
474 130
474 206
474 526
474 540
271 475
271 565
271 2
271 206
271 271
272 2
272 65
272 200
561 16
561 410
561 490
561 91
561 103
561 219
861 576
861 567
861 552
861 410
861 600
861 667
861 659
861 836
861 861
273 634
273 447
273 751
274 420
274 7
274 9
274 393
274 394
274 2
274 483
274 484
274 29
274 445
274 434
274 65
274 436
274 678
274 101
274 130
274 650
274 761
274 739
274 260
275 2
275 150
275 467
465 9
465 794
465 564
465 448
465 600
465 465
276 2
276 447
276 37
276 65
276 137
862 410
863 9
863 393
863 552
863 410
863 585
863 659
863 777
863 752
863 465
277 2
277 68
277 164
277 277
277 308
277 314
277 385
278 608
278 65
278 105
278 168
278 324
279 11
279 393
279 2
279 447
279 58
279 65
279 66
279 101
279 149
279 212
279 408
279 425
279 279
280 2
280 433
280 49
280 436
280 280
281 2
281 102
281 107
281 587
281 174
281 175
281 281
281 735
281 356
282 11
282 393
282 2
282 483
282 635
282 447
282 574
282 65
282 496
282 99
282 101
282 282
864 552
864 410
864 822
864 602
864 842
864 843
864 607
283 2
283 65
283 219
283 283
730 632
730 397
730 436
730 240
730 730
865 410
865 661
865 865
766 410
766 427
766 846
766 766
284 2
284 48
284 102
284 106
284 108
284 131
284 306
285 576
285 11
285 2
285 65
285 115
285 207
285 220
286 2
286 567
286 65
286 286
287 2
287 616
287 37
287 46
287 47
287 48
287 82
287 91
287 103
287 107
287 125
287 149
287 180
287 212
287 256
287 263
287 316
287 344
287 361
536 658
536 476
536 393
536 12
536 484
536 444
536 486
536 571
536 130
536 472
536 205
536 536
735 410
735 621
735 194
735 202
735 668
723 552
723 410
723 600
723 73
723 557
723 184
723 714
866 569
866 552
866 410
288 2
288 24
288 65
288 132
288 303
867 567
867 552
867 410
867 560
867 571
867 601
867 661
867 762
867 867
720 420
720 430
720 431
720 475
720 410
720 433
720 500
720 179
720 572
720 908
868 410
868 470
869 410
869 27
869 447
869 491
869 807
869 594
869 869
537 9
537 475
537 12
537 3
537 56
537 403
537 594
537 130
537 408
870 430
870 552
870 410
870 397
870 581
870 870
731 410
731 397
731 27
289 2
289 63
289 73
289 268
290 6
290 2
290 574
290 79
290 142
290 148
290 297
871 410
291 420
291 2
291 433
291 47
291 48
291 669
292 2
292 65
292 210
662 792
662 564
662 567
662 410
662 491
662 600
662 436
662 571
662 601
662 824
662 687
662 762
662 660
872 410
872 412
872 838
721 552
721 410
721 32
721 179
873 410
874 410
875 410
875 875
293 11
293 2
293 653
293 62
293 65
293 66
293 72
293 101
293 127
293 194
293 220
293 239
293 285
293 331
293 333
293 362
294 11
294 2
294 445
294 491
294 434
294 574
294 65
294 605
294 101
294 453
295 2
295 226
876 410
876 398
876 717
876 876
296 2
296 424
296 296
877 432
877 553
877 410
877 890
297 2
297 433
297 79
297 290
878 9
878 432
878 553
878 410
878 433
878 585
878 558
878 878
879 410
879 574
879 931
298 466
298 2
298 397
298 35
298 440
298 93
298 762
298 207
298 350
298 371
299 2
300 655
880 552
880 553
880 410
880 447
880 434
880 601
880 880
880 562
538 393
538 12
538 18
538 447
538 497
538 717
538 538
881 18
881 482
881 410
881 591
881 964
301 2
302 420
302 430
302 394
302 2
302 553
302 410
302 398
302 29
302 447
302 470
302 492
302 411
302 65
302 101
302 230
302 302
882 395
882 410
722 410
722 451
722 180
722 344
539 430
539 12
539 396
539 398
539 470
539 503
539 511
539 533
539 539
303 2
303 65
303 288
668 772
668 475
668 608
668 633
668 395
668 410
668 447
668 560
668 411
668 574
668 437
668 116
668 510
668 827
668 668
304 65
305 2
305 97
306 2
306 29
306 434
306 460
306 158
306 625
306 214
306 284
883 420
883 475
883 564
883 410
883 3
883 73
883 750
883 956
883 885
883 909
740 608
740 410
740 491
740 571
740 762
740 214
740 681
740 771
884 619
884 758
884 410
884 491
884 805
884 571
884 623
707 410
707 445
707 807
707 571
707 147
707 762
707 219
707 707
307 2
307 445
307 520
694 9
694 608
694 410
694 120
694 594
694 250
308 608
308 2
308 38
308 65
308 87
308 91
308 98
308 112
308 403
308 141
308 151
308 180
308 183
308 263
308 264
308 277
308 280
308 373
309 394
309 2
309 26
309 591
309 157
310 9
310 2
310 47
310 441
310 104
310 136
310 208
311 2
311 102
311 106
311 525
311 311
312 2
312 55
312 65
312 312
313 393
313 2
313 554
313 78
313 436
313 763
313 313
314 2
314 65
314 72
314 173
314 277
314 314
314 335
315 2
315 481
315 732
315 65
315 161
316 2
316 263
316 269
540 420
540 393
540 12
540 130
540 526
540 474
540 547
429 6
429 410
429 76
429 784
885 749
885 970
885 410
885 954
885 588
885 589
885 960
885 956
885 883
317 619
317 2
317 65
317 162
318 2
318 568
318 492
318 65
318 650
318 318
318 764
886 410
886 486
886 825
886 867
319 2
319 65
319 319
320 5
320 2
320 433
320 57
649 632
649 410
649 802
649 60
649 110
649 594
649 140
649 148
649 150
649 151
649 582
649 212
649 245
649 618
559 553
559 410
559 726
321 2
321 433
321 65
321 765
321 210
321 292
321 357
322 2
322 102
322 105
322 164
322 229
322 364
323 393
323 2
323 410
323 57
323 60
323 766
323 323
324 420
324 393
324 2
324 65
324 101
324 278
324 324
542 393
542 12
542 395
542 396
542 488
542 447
542 492
542 57
542 153
542 458
325 2
325 767
325 434
325 52
325 65
325 412
325 101
325 111
325 715
325 327
325 385
326 16
326 2
326 85
326 326
887 410
887 601
887 766
327 420
327 393
327 2
327 136
327 208
327 325
327 327
328 4
328 2
328 38
328 67
328 88
328 458
888 792
888 794
888 410
888 762
329 2
329 445
329 490
329 491
329 65
329 66
329 91
329 101
329 203
330 2
331 420
331 2
331 65
331 101
331 143
331 293
332 758
332 564
332 565
332 2
332 600
332 168
332 361
889 432
889 410
889 717
889 889
333 2
333 445
333 65
333 72
333 333
334 421
334 2
334 65
334 66
335 2
335 411
335 65
335 124
335 314
335 335
336 420
336 4
336 431
336 2
336 65
336 441
336 103
336 582
543 12
337 393
337 2
337 65
337 768
337 337
703 410
703 444
703 138
703 198
338 2
338 470
339 15
339 2
339 682
339 577
339 65
339 72
339 101
339 103
339 169
339 582
339 339
562 16
562 410
562 584
562 601
562 880
340 420
340 2
340 105
340 340
890 432
890 553
890 554
890 410
890 585
890 557
890 558
890 680
890 877
341 393
341 2
341 29
341 447
341 107
341 234
341 742
341 341
714 410
714 412
714 158
714 184
714 723
342 420
342 619
342 9
342 2
342 445
342 65
342 132
342 207
343 2
467 10
467 410
467 37
467 106
467 275
709 410
709 428
709 581
709 151
709 709
344 2
344 108
344 127
344 186
344 194
344 208
344 722
344 356
345 2
345 56
345 65
345 72
345 408
346 2
346 65
346 101
346 152
346 405
346 719
347 2
347 484
347 29
347 402
347 769
347 504
347 531
347 770
348 9
348 2
348 37
348 574
348 91
348 106
348 141
348 177
348 263
348 266
348 267
348 348
891 410
891 979
891 834
891 660
684 575
684 410
684 427
684 103
684 147
684 417
684 419
349 2
349 96
349 102
349 129
349 414
349 149
349 182
349 200
350 2
350 103
351 16
351 2
351 577
351 103
351 107
351 424
351 151
351 214
351 706
351 371
352 393
352 2
352 27
352 52
352 65
352 501
352 352
353 420
353 2
353 222
892 410
892 447
892 425
696 410
696 123
696 581
354 11
354 2
354 554
354 574
354 61
354 65
354 455
354 207
354 530
354 260
355 2
355 38
355 47
355 48
355 65
355 184
355 263
893 793
893 564
893 552
893 410
893 762
894 410
894 736
356 475
356 393
356 15
356 2
356 552
356 23
356 29
356 491
356 560
356 57
356 715
356 281
356 344
356 356
764 410
764 491
357 420
357 7
357 9
357 2
357 434
357 65
357 101
357 210
358 7
358 2
358 35
358 48
358 91
358 96
358 102
358 108
358 112
358 149
358 168
358 231
358 232
358 269
359 2
359 737
359 359
360 11
360 2
360 447
360 65
360 101
360 245
360 371
741 619
741 410
741 424
741 214
741 741
361 7
361 2
361 46
361 56
361 82
361 149
361 159
361 164
361 287
361 332
544 12
544 497
544 111
544 130
544 517
544 407
362 2
362 91
362 293
545 12
545 456
363 2
363 65
363 72
363 101
363 249
364 125
364 322
364 364
895 410
895 799
895 650
895 465
365 2
365 21
365 231
419 4
419 410
419 40
419 582
419 847
419 684
643 9
643 481
643 552
643 553
643 710
643 410
643 447
643 57
643 503
643 643
896 410
896 762
366 2
897 9
897 553
897 410
897 447
897 500
898 432
898 553
898 410
367 2
367 67
367 183
899 410
368 2
369 565
369 2
369 88
369 598
369 222
900 552
900 410
900 931
900 465
371 2
371 110
371 351
371 360
372 2
573 21
573 188
373 2
373 107
373 112
373 308
374 2
374 65
374 68
374 254
901 410
375 9
375 447
902 410
902 582
903 410
903 748
903 799
903 803
904 410
904 828
376 2
546 12
546 130
546 526
546 948
905 410
377 4
377 2
377 134
583 24
583 410
378 431
378 9
378 393
378 2
378 447
378 492
378 593
378 58
378 65
378 496
378 87
378 595
378 378
379 2
379 170
379 229
380 2
380 65
380 79
381 2
382 2
382 382
383 2
384 2
384 65
385 393
385 2
385 447
385 436
385 148
385 277
385 325
386 2
386 133
386 386
387 2
387 65
387 72
388 2
389 2
389 594
389 128
389 695
389 220
390 2
390 678
390 139
391 2
392 2
906 599
906 552
906 410
906 600
907 552
907 410
907 667
908 410
908 720
909 410
909 883
910 393
910 410
910 497
547 393
547 12
547 130
547 526
547 474
547 540
548 12
548 130
549 12
549 130
911 410
911 762
912 612
912 410
912 609
912 912
