675 1
375 2
254 3
846 4
752 5
548 6
823 7
610 8
199 9
496 10
635 11
942 12
359 13
598 14
26 15
578 16
447 17
423 18
189 19
440 20
306 21
497 22
697 23
388 24
155 25
855 26
567 27
69 28
843 29
9 30
316 31
619 32
842 33
678 34
417 35
75 36
625 37
383 38
480 39
315 40
236 41
300 42
935 43
176 44
374 45
560 46
286 47
906 48
500 49
503 50
445 51
403 52
951 53
129 54
207 55
376 56
479 57
420 58
547 59
252 60
122 61
563 62
493 63
106 64
470 65
708 66
120 67
720 68
462 69
191 70
99 71
925 72
465 73
206 74
588 75
875 76
770 77
230 78
599 79
899 80
991 81
801 82
350 83
274 84
89 85
273 86
51 87
933 88
249 89
966 90
837 91
766 92
521 93
349 94
597 95
633 96
346 97
753 98
65 99
233 100
438 101
319 102
722 103
674 104
882 105
229 106
929 107
398 108
709 109
901 110
304 111
263 112
918 113
593 114
1 115
15 116
682 117
897 118
287 119
917 120
400 121
767 122
437 123
321 124
671 125
915 126
224 127
457 128
87 129
2 130
884 131
412 132
755 133
624 134
54 135
402 136
824 137
379 138
998 139
6 140
476 141
710 142
498 143
144 144
95 145
580 146
284 147
789 148
723 149
572 150
791 151
829 152
292 153
486 154
463 155
344 156
615 157
242 158
84 159
651 160
213 161
488 162
643 163
702 164
167 165
725 166
854 167
270 168
920 169
861 170
387 171
271 172
329 173
601 174
147 175
32 176
686 177
669 178
483 179
982 180
834 181
43 182
653 183
881 184
427 185
840 186
37 187
699 188
142 189
704 190
135 191
133 192
478 193
121 194
511 195
558 196
696 197
165 198
729 199
617 200
22 201
830 202
410 203
811 204
938 205
937 206
662 207
996 208
535 209
534 210
235 211
623 212
975 213
24 214
305 215
161 216
544 217
650 218
672 219
713 220
968 221
564 222
458 223
541 224
246 225
138 226
395 227
716 228
429 229
514 230
91 231
353 232
654 233
866 234
790 235
221 236
132 237
459 238
928 239
56 240
487 241
360 242
980 243
460 244
853 245
732 246
210 247
60 248
442 249
314 250
730 251
565 252
943 253
253 254
502 255
694 256
294 257
276 258
827 259
941 260
611 261
4 262
268 263
247 264
499 265
663 266
36 267
418 268
592 269
959 270
737 271
726 272
550 273
47 274
450 275
573 276
187 277
421 278
422 279
818 280
904 281
105 282
931 283
85 284
607 285
796 286
858 287
404 288
41 289
816 290
293 291
743 292
849 293
831 294
594 295
434 296
192 297
769 298
948 299
169 300
939 301
995 302
97 303
182 304
862 305
604 306
257 307
684 308
666 309
66 310
946 311
35 312
295 313
399 314
405 315
441 316
778 317
77 318
806 319
627 320
574 321
622 322
505 323
887 324
291 325
957 326
553 327
262 328
519 329
223 330
554 331
698 332
17 333
839 334
318 335
583 336
944 337
204 338
436 339
631 340
279 341
218 342
603 343
645 344
792 345
960 346
277 347
145 348
50 349
676 350
812 351
952 352
475 353
870 354
595 355
606 356
401 357
814 358
193 359
234 360
898 361
794 362
691 363
347 364
542 365
764 366
921 367
111 368
239 369
687 370
847 371
910 372
552 373
802 374
907 375
308 376
331 377
118 378
83 379
368 380
605 381
23 382
29 383
382 384
137 385
283 386
641 387
670 388
1000 389
955 390
978 391
31 392
386 393
934 394
900 395
269 396
260 397
351 398
153 399
408 400
889 401
679 402
808 403
835 404
736 405
96 406
298 407
407 408
608 409
577 410
733 411
178 412
430 413
456 414
856 415
391 416
90 417
665 418
727 419
104 420
116 421
46 422
983 423
140 424
108 425
909 426
760 427
609 428
231 429
993 430
540 431
648 432
58 433
309 434
677 435
449 436
285 437
371 438
367 439
947 440
44 441
13 442
330 443
195 444
159 445
181 446
932 447
101 448
33 449
172 450
522 451
385 452
886 453
508 454
614 455
394 456
795 457
924 458
721 459
545 460
365 461
841 462
693 463
596 464
485 465
761 466
267 467
857 468
797 469
392 470
799 471
16 472
751 473
92 474
103 475
63 476
953 477
777 478
865 479
226 480
626 481
973 482
55 483
494 484
525 485
474 486
738 487
361 488
125 489
695 490
621 491
673 492
807 493
786 494
301 495
179 496
424 497
926 498
102 499
734 500
72 501
714 502
158 503
296 504
984 505
265 506
949 507
451 508
958 509
571 510
647 511
908 512
771 513
184 514
509 515
162 516
668 517
243 518
448 519
529 520
712 521
717 522
452 523
369 524
745 525
201 526
646 527
844 528
568 529
874 530
804 531
78 532
143 533
357 534
49 535
612 536
863 537
586 538
683 539
707 540
71 541
355 542
549 543
990 544
453 545
526 546
768 547
971 548
788 549
782 550
228 551
569 552
477 553
467 554
216 555
215 556
67 557
559 558
136 559
248 560
341 561
241 562
282 563
317 564
443 565
543 566
988 567
742 568
157 569
919 570
892 571
630 572
538 573
546 574
868 575
638 576
481 577
703 578
425 579
370 580
636 581
724 582
432 583
912 584
798 585
644 586
240 587
894 588
363 589
492 590
817 591
326 592
781 593
872 594
832 595
82 596
433 597
34 598
444 599
715 600
428 601
690 602
981 603
642 604
515 605
956 606
343 607
776 608
962 609
38 610
551 611
750 612
93 613
373 614
748 615
209 616
48 617
620 618
170 619
208 620
584 621
813 622
516 623
954 624
905 625
372 626
491 627
88 628
719 629
659 630
705 631
10 632
576 633
773 634
876 635
266 636
164 637
339 638
850 639
454 640
471 641
258 642
81 643
139 644
689 645
461 646
805 647
848 648
820 649
366 650
756 651
852 652
251 653
507 654
148 655
7 656
222 657
311 658
59 659
587 660
186 661
70 662
334 663
409 664
131 665
489 666
940 667
250 668
446 669
62 670
692 671
803 672
655 673
280 674
439 675
11 676
896 677
637 678
413 679
532 680
183 681
119 682
661 683
785 684
860 685
977 686
466 687
561 688
616 689
302 690
57 691
985 692
632 693
986 694
337 695
396 696
891 697
203 698
970 699
999 700
200 701
880 702
173 703
354 704
256 705
851 706
711 707
510 708
146 709
681 710
27 711
196 712
8 713
667 714
779 715
180 716
381 717
310 718
780 719
419 720
175 721
992 722
513 723
888 724
685 725
220 726
539 727
227 728
28 729
810 730
14 731
600 732
530 733
579 734
303 735
873 736
94 737
406 738
524 739
232 740
557 741
205 742
380 743
501 744
536 745
127 746
73 747
589 748
79 749
74 750
754 751
800 752
838 753
533 754
336 755
657 756
658 757
128 758
332 759
188 760
358 761
735 762
53 763
916 764
219 765
969 766
747 767
264 768
275 769
490 770
261 771
156 772
21 773
297 774
320 775
40 776
902 777
30 778
936 779
528 780
123 781
126 782
19 783
639 784
98 785
701 786
825 787
741 788
112 789
555 790
893 791
333 792
821 793
537 794
964 795
322 796
613 797
566 798
113 799
115 800
384 801
345 802
335 803
174 804
197 805
775 806
42 807
64 808
163 809
166 810
217 811
974 812
278 813
327 814
109 815
25 816
68 817
618 818
469 819
313 820
759 821
177 822
945 823
819 824
323 825
765 826
393 827
930 828
473 829
869 830
225 831
913 832
512 833
826 834
649 835
746 836
431 837
590 838
324 839
883 840
763 841
362 842
527 843
836 844
61 845
556 846
20 847
134 848
18 849
517 850
680 851
312 852
518 853
688 854
212 855
259 856
464 857
107 858
652 859
815 860
660 861
435 862
871 863
39 864
728 865
290 866
190 867
244 868
328 869
472 870
150 871
202 872
523 873
793 874
100 875
570 876
787 877
911 878
211 879
976 880
923 881
922 882
629 883
299 884
895 885
289 886
740 887
950 888
885 889
416 890
378 891
967 892
5 893
877 894
772 895
414 896
822 897
994 898
867 899
656 900
845 901
130 902
149 903
585 904
961 905
114 906
52 907
903 908
762 909
828 910
389 911
965 912
151 913
255 914
706 915
774 916
12 917
878 918
80 919
575 920
809 921
468 922
288 923
76 924
997 925
531 926
757 927
640 928
426 929
198 930
415 931
506 932
833 933
591 934
859 935
86 936
634 937
562 938
352 939
987 940
744 941
504 942
307 943
214 944
124 945
160 946
348 947
364 948
914 949
783 950
718 951
281 952
628 953
495 954
340 955
582 956
152 957
141 958
864 959
890 960
482 961
168 962
154 963
664 964
411 965
3 966
377 967
245 968
520 969
194 970
989 971
602 972
758 973
972 974
397 975
338 976
238 977
963 978
784 979
390 980
484 981
185 982
171 983
581 984
927 985
117 986
356 987
272 988
749 989
342 990
731 991
325 992
739 993
979 994
45 995
237 996
455 997
110 998
879 999
700 1000
