0 1
0 2
0 3
0 4
0 5
0 6
0 8
0 10
0 11
0 14
0 15
0 18
0 21
0 32
0 36
0 44
0 48
0 53
0 56
0 62
0 66
0 69
0 78
0 87
0 93
0 115
0 118
0 161
0 163
0 173
0 175
0 179
0 205
0 230
0 267
0 272
0 290
0 291
0 324
0 355
0 357
0 370
0 382
0 389
0 401
0 422
0 427
0 449
0 453
0 461
0 473
0 474
0 484
0 531
0 548
0 600
0 607
0 615
0 623
0 629
0 688
0 707
0 710
0 787
0 857
0 875
0 880
0 947
0 965
0 998
1 5
1 7
1 9
1 11
1 13
1 16
1 17
1 18
1 20
1 21
1 26
1 32
1 34
1 36
1 38
1 49
1 57
1 58
1 64
1 68
1 77
1 83
1 85
1 86
1 109
1 111
1 121
1 123
1 180
1 194
1 209
1 212
1 224
1 228
1 232
1 245
1 258
1 269
1 296
1 300
1 304
1 316
1 342
1 352
1 360
1 370
1 413
1 433
1 441
1 467
1 493
1 494
1 519
1 562
1 568
1 579
1 604
1 612
1 620
1 632
1 643
1 659
1 668
1 699
1 715
1 734
1 741
1 743
1 783
1 834
1 874
1 899
1 952
1 960
2 5
2 6
2 9
2 10
2 17
2 20
2 33
2 39
2 49
2 65
2 74
2 84
2 94
2 116
2 124
2 125
2 131
2 151
2 166
2 188
2 298
2 326
2 332
2 348
2 390
2 439
2 500
2 507
2 508
2 546
2 634
2 678
2 707
2 729
2 734
2 826
2 852
2 981
3 8
3 12
3 13
3 34
3 42
3 69
3 73
3 108
3 113
3 251
3 312
3 315
3 321
3 349
3 417
3 426
3 436
3 467
3 488
3 496
3 543
3 625
3 678
3 684
3 807
3 835
3 940
3 977
4 5
4 6
4 7
4 8
4 12
4 17
4 43
4 44
4 55
4 67
4 100
4 101
4 103
4 106
4 134
4 136
4 138
4 158
4 240
4 247
4 295
4 330
4 366
4 375
4 427
4 431
4 461
4 480
4 486
4 532
4 533
4 536
4 537
4 592
4 659
4 662
4 681
4 712
4 717
4 721
4 767
4 782
4 811
4 849
4 866
4 971
5 6
5 7
5 8
5 9
5 10
5 11
5 12
5 14
5 15
5 17
5 19
5 20
5 24
5 27
5 29
5 31
5 41
5 44
5 49
5 50
5 54
5 59
5 60
5 67
5 70
5 75
5 80
5 83
5 84
5 87
5 89
5 94
5 101
5 102
5 103
5 115
5 117
5 122
5 126
5 129
5 142
5 152
5 154
5 167
5 173
5 175
5 178
5 186
5 192
5 194
5 195
5 197
5 206
5 207
5 211
5 219
5 221
5 223
5 226
5 227
5 237
5 246
5 263
5 266
5 273
5 274
5 276
5 286
5 291
5 311
5 332
5 334
5 335
5 339
5 366
5 373
5 397
5 410
5 412
5 413
5 420
5 463
5 484
5 488
5 520
5 526
5 539
5 547
5 549
5 560
5 566
5 580
5 602
5 603
5 633
5 687
5 690
5 709
5 717
5 743
5 774
5 785
5 796
5 835
5 836
5 842
5 856
5 864
5 983
5 987
5 988
5 995
6 7
6 9
6 13
6 22
6 23
6 25
6 31
6 40
6 42
6 46
6 48
6 52
6 54
6 64
6 67
6 71
6 72
6 80
6 90
6 95
6 96
6 98
6 102
6 119
6 128
6 138
6 196
6 208
6 211
6 214
6 230
6 232
6 244
6 254
6 256
6 303
6 305
6 346
6 365
6 380
6 401
6 416
6 446
6 450
6 456
6 471
6 476
6 556
6 557
6 576
6 577
6 613
6 616
6 656
6 836
6 847
6 867
6 881
6 884
6 907
6 917
6 921
6 950
6 955
7 10
7 14
7 15
7 16
7 18
7 19
7 22
7 25
7 28
7 29
7 34
7 36
7 41
7 43
7 47
7 49
7 70
7 73
7 93
7 99
7 107
7 150
7 160
7 214
7 216
7 281
7 284
7 290
7 304
7 325
7 331
7 335
7 347
7 357
7 377
7 403
7 413
7 419
7 432
7 466
7 474
7 528
7 534
7 557
7 602
7 630
7 651
7 725
7 728
7 741
7 749
7 763
7 832
7 892
7 916
7 924
8 16
8 21
8 22
8 30
8 33
8 34
8 48
8 52
8 59
8 66
8 73
8 87
8 92
8 102
8 118
8 141
8 152
8 210
8 238
8 249
8 287
8 325
8 338
8 350
8 361
8 375
8 462
8 471
8 478
8 480
8 501
8 521
8 523
8 610
8 615
8 634
8 638
8 649
8 660
8 664
8 690
8 762
8 804
8 841
8 842
8 847
8 861
8 871
8 892
8 915
8 928
8 939
9 11
9 19
9 24
9 27
9 29
9 35
9 37
9 38
9 44
9 45
9 46
9 50
9 51
9 57
9 62
9 80
9 85
9 86
9 88
9 89
9 90
9 94
9 100
9 113
9 127
9 135
9 161
9 169
9 171
9 174
9 176
9 180
9 227
9 236
9 243
9 254
9 255
9 261
9 288
9 295
9 301
9 314
9 326
9 341
9 346
9 366
9 370
9 373
9 378
9 379
9 490
9 517
9 529
9 544
9 547
9 558
9 599
9 647
9 665
9 677
9 726
9 774
9 812
9 874
9 881
9 915
9 956
9 959
10 12
10 15
10 18
10 26
10 32
10 39
10 56
10 68
10 71
10 74
10 76
10 81
10 91
10 105
10 120
10 127
10 144
10 170
10 177
10 193
10 205
10 211
10 219
10 221
10 223
10 250
10 286
10 313
10 350
10 453
10 468
10 475
10 487
10 517
10 523
10 549
10 576
10 625
10 634
10 659
10 727
10 757
10 772
10 780
10 793
10 806
10 873
10 949
10 967
10 976
10 984
11 13
11 14
11 24
11 28
11 30
11 33
11 38
11 40
11 42
11 58
11 75
11 78
11 136
11 141
11 145
11 149
11 156
11 159
11 174
11 176
11 179
11 182
11 197
11 206
11 213
11 215
11 221
11 225
11 238
11 251
11 253
11 257
11 283
11 284
11 307
11 339
11 345
11 348
11 349
11 383
11 450
11 489
11 502
11 514
11 537
11 538
11 583
11 604
11 647
11 665
11 684
11 707
11 757
11 760
11 770
11 800
11 822
11 856
11 887
11 931
11 941
11 948
11 963
12 26
12 38
12 52
12 56
12 91
12 119
12 130
12 136
12 146
12 157
12 195
12 198
12 202
12 231
12 250
12 257
12 262
12 265
12 276
12 287
12 305
12 383
12 394
12 404
12 422
12 496
12 526
12 528
12 538
12 578
12 580
12 590
12 614
12 651
12 654
12 687
12 724
12 775
12 837
12 872
13 16
13 30
13 45
13 882
14 23
14 26
14 33
14 37
14 51
14 62
14 68
14 72
14 82
14 97
14 120
14 152
14 187
14 191
14 270
14 315
14 320
14 357
14 401
14 456
14 464
14 466
14 532
14 593
14 622
14 655
14 667
14 733
14 734
14 742
14 747
14 781
14 787
14 795
14 811
14 820
14 830
14 849
14 921
15 54
15 83
15 110
15 116
15 133
15 148
15 155
15 172
15 199
15 203
15 210
15 223
15 267
15 307
15 388
15 429
15 486
15 492
15 519
15 544
15 554
15 639
15 657
15 687
15 735
15 769
15 797
15 841
15 883
15 916
16 19
16 22
16 23
16 27
16 30
16 37
16 39
16 58
16 74
16 76
16 105
16 108
16 133
16 148
16 176
16 215
16 231
16 240
16 281
16 299
16 326
16 335
16 354
16 396
16 431
16 498
16 502
16 509
16 558
16 569
16 573
16 587
16 631
16 642
16 700
16 791
16 813
16 828
16 868
16 942
17 42
17 82
17 201
17 243
17 574
17 779
18 20
18 23
18 35
18 36
18 108
18 112
18 116
18 126
18 164
18 175
18 196
18 198
18 270
18 271
18 277
18 280
18 312
18 353
18 361
18 378
18 387
18 409
18 445
18 454
18 547
18 590
18 595
18 609
18 611
18 696
18 730
18 804
18 842
18 883
18 902
18 961
19 21
19 88
19 93
19 128
19 207
19 235
19 253
19 274
19 419
19 458
19 535
19 567
19 624
19 657
19 858
19 907
20 25
20 29
20 40
20 41
20 43
20 53
20 61
20 72
20 78
20 81
20 92
20 93
20 106
20 119
20 122
20 149
20 159
20 163
20 189
20 204
20 242
20 248
20 259
20 308
20 310
20 323
20 336
20 339
20 351
20 404
20 432
20 498
20 501
20 505
20 678
20 748
20 772
20 795
20 817
20 833
20 844
20 894
20 937
21 25
21 55
21 60
21 78
21 98
21 114
21 122
21 242
21 261
21 329
21 337
21 359
21 391
21 515
21 597
21 606
21 612
21 702
21 801
21 821
21 850
21 857
21 903
22 31
22 50
22 65
22 75
22 80
22 99
22 109
22 151
22 158
22 171
22 204
22 212
22 233
22 337
22 364
22 376
22 476
22 533
22 588
22 632
22 694
22 752
22 802
22 814
22 985
23 24
23 28
23 32
23 35
23 50
23 64
23 72
23 91
23 125
23 137
23 153
23 155
23 162
23 216
23 220
23 252
23 269
23 294
23 389
23 481
23 483
23 506
23 516
23 517
23 518
23 525
23 546
23 591
23 670
23 792
23 831
23 877
23 978
24 27
24 85
24 97
24 139
24 142
24 169
24 207
24 316
24 341
24 428
24 633
24 839
24 840
24 984
25 61
25 89
25 111
25 259
25 296
25 487
25 519
25 552
25 845
26 118
26 132
26 188
26 192
26 227
26 282
26 290
26 306
26 347
26 354
26 418
26 442
26 504
26 640
26 688
26 706
26 736
26 783
26 902
26 934
26 948
27 28
27 31
27 35
27 47
27 57
27 65
27 82
27 84
27 97
27 114
27 129
27 142
27 160
27 201
27 250
27 319
27 339
27 340
27 368
27 394
27 493
27 527
27 562
27 579
27 598
27 631
27 679
27 697
27 733
27 735
27 923
27 975
28 77
28 96
28 102
28 107
28 120
28 123
28 137
28 145
28 187
28 241
28 280
28 323
28 351
28 390
28 423
28 425
28 433
28 449
28 476
28 537
28 601
28 626
28 655
28 675
28 828
28 997
29 88
29 107
29 162
29 258
29 332
29 364
29 372
29 475
29 626
30 59
30 83
30 94
30 109
30 135
30 149
30 155
30 168
30 193
30 228
30 249
30 260
30 273
30 282
30 287
30 301
30 322
30 336
30 358
30 362
30 482
30 489
30 492
30 554
30 557
30 563
30 601
30 608
30 610
30 636
30 658
30 680
30 736
30 755
30 776
30 806
30 928
31 43
31 70
31 140
31 303
31 346
31 449
31 651
32 47
32 55
32 109
32 134
32 150
32 156
32 200
32 254
32 296
32 322
32 324
32 390
32 394
32 434
32 457
32 510
32 529
32 686
32 802
32 871
32 914
32 968
32 992
33 61
33 63
33 183
33 184
33 187
33 218
33 286
33 293
33 299
33 304
33 310
33 372
33 521
33 594
33 621
33 685
33 834
33 931
34 40
34 45
34 53
34 103
34 140
34 144
34 168
34 209
34 279
34 292
34 304
34 344
34 349
34 371
34 381
34 400
34 444
34 477
34 536
34 556
34 587
34 713
34 730
34 775
34 826
34 844
34 975
34 986
35 37
35 41
35 45
35 73
35 74
35 104
35 105
35 267
35 306
35 385
35 495
35 522
35 605
35 615
35 668
35 699
35 711
35 747
35 859
35 866
35 892
35 999
36 60
36 69
36 81
36 142
36 144
36 152
36 164
36 165
36 260
36 293
36 326
36 352
36 395
36 424
36 462
36 628
36 647
36 675
36 676
36 708
36 793
36 852
36 858
36 953
37 39
37 95
37 161
37 165
37 221
37 233
37 253
37 328
37 380
37 628
37 639
37 641
37 715
37 880
38 51
38 65
38 112
38 130
38 137
38 254
38 329
38 358
38 406
38 410
38 649
38 672
38 902
38 962
39 46
39 53
39 79
39 95
39 99
39 107
39 114
39 117
39 170
39 186
39 187
39 191
39 196
39 289
39 290
39 295
39 306
39 353
39 361
39 398
39 477
39 478
39 483
39 487
39 495
39 652
39 655
39 719
39 794
39 896
39 919
39 941
39 978
40 130
40 232
40 449
40 533
40 859
41 51
41 59
41 66
41 79
41 110
41 155
41 197
41 205
41 230
41 308
41 395
41 509
41 511
41 628
41 644
41 759
41 783
41 812
41 869
42 46
42 48
42 54
42 104
42 122
42 138
42 143
42 182
42 200
42 243
42 374
42 395
42 403
42 443
42 470
42 507
42 555
42 673
42 699
42 768
42 939
42 951
42 988
43 98
43 104
43 129
43 157
43 283
43 365
43 686
44 47
44 52
44 81
44 117
44 288
44 307
44 418
44 468
44 470
44 579
44 621
44 807
44 866
44 884
44 935
44 964
45 127
45 181
45 430
45 452
45 518
45 523
45 573
45 690
45 958
45 987
46 56
46 57
46 63
46 66
46 77
46 131
46 147
46 208
46 216
46 244
46 265
46 275
46 285
46 367
46 369
46 374
46 419
46 441
46 491
46 497
46 611
46 720
46 770
46 793
46 822
47 64
47 71
47 86
47 87
47 92
47 99
47 100
47 113
47 114
47 117
47 125
47 128
47 149
47 153
47 178
47 249
47 318
47 342
47 358
47 367
47 369
47 397
47 408
47 425
47 461
47 504
47 512
47 561
47 568
47 571
47 578
47 586
47 622
47 633
47 634
47 664
47 671
47 672
47 689
47 773
47 803
47 817
47 824
47 837
47 853
47 863
47 865
47 920
47 968
48 58
48 60
48 98
48 179
48 189
48 193
48 212
48 434
48 714
48 798
48 818
48 924
48 926
48 972
49 61
49 68
49 133
49 140
49 162
49 195
49 234
49 392
49 404
49 430
49 433
49 435
49 453
49 510
49 515
49 674
49 723
49 853
50 67
50 261
50 329
50 530
51 55
51 88
51 106
51 124
51 139
51 140
51 157
51 177
51 184
51 213
51 343
51 363
51 391
51 392
51 409
51 454
51 516
51 537
51 592
51 662
51 676
51 759
51 847
51 904
52 76
52 150
52 285
52 305
52 396
52 528
52 656
52 682
52 879
53 89
53 206
53 228
53 262
53 320
53 483
53 564
53 608
53 819
54 123
54 175
54 179
54 206
54 224
54 233
54 251
54 278
54 286
54 330
54 398
54 709
54 760
54 801
54 803
54 834
54 911
54 932
54 963
55 70
55 110
55 143
55 211
55 226
55 459
55 601
56 182
56 322
56 381
56 386
57 435
57 726
57 771
57 885
58 111
58 224
58 328
58 331
58 434
59 63
59 112
59 162
59 189
59 252
59 266
59 311
59 377
59 399
59 485
59 570
59 586
59 606
59 650
59 666
59 722
59 753
59 945
60 71
60 101
60 112
60 148
60 159
60 194
60 289
60 323
60 591
60 720
60 938
61 62
61 63
61 131
61 141
61 163
61 166
61 180
61 268
61 337
61 359
61 362
61 372
61 551
61 552
61 567
61 587
61 657
61 897
61 955
62 76
62 131
62 146
62 164
62 235
62 245
62 256
62 335
62 393
62 400
62 409
62 506
62 507
62 513
62 521
62 525
62 551
62 784
62 850
63 82
63 96
63 245
63 393
63 412
63 436
63 440
63 448
63 466
63 482
63 557
63 574
63 721
63 833
63 910
63 928
63 992
64 477
64 576
64 956
65 85
66 69
66 79
66 161
66 168
66 209
66 215
66 229
66 323
66 351
66 446
66 661
66 716
66 734
66 739
66 764
66 814
66 952
67 127
67 159
67 163
67 167
67 170
67 184
67 194
67 360
67 548
67 585
67 603
67 645
67 775
67 779
67 783
67 794
67 852
68 90
68 158
69 151
69 154
69 176
69 454
69 541
70 84
70 95
70 126
70 143
70 153
70 298
70 368
70 589
70 811
70 970
70 980
71 77
71 111
71 201
71 236
71 238
71 268
71 333
71 494
71 598
71 711
71 728
71 751
71 812
71 880
72 144
72 147
72 181
72 234
72 417
72 426
72 575
72 649
72 869
72 932
73 75
73 151
73 182
73 222
73 225
73 255
73 261
73 294
73 546
73 621
73 809
73 860
73 888
73 898
73 934
74 86
74 100
74 113
74 171
74 173
74 237
74 302
74 622
74 971
75 126
75 143
75 174
75 264
75 284
75 291
75 553
75 565
75 584
75 612
75 617
75 647
75 741
76 188
76 208
76 241
76 292
76 385
76 530
76 584
76 741
76 769
76 870
76 875
76 976
76 977
76 993
77 135
77 173
77 185
77 302
77 349
77 582
77 629
77 732
77 913
78 79
78 90
78 103
78 132
78 170
78 198
78 315
78 320
78 338
78 396
78 405
78 433
78 514
78 619
78 719
79 110
79 165
79 169
79 203
79 302
79 369
79 415
79 641
79 786
79 813
79 839
80 191
80 298
80 458
80 542
80 702
81 108
81 160
81 220
81 369
81 585
81 733
81 751
82 97
82 181
82 188
82 285
82 345
82 428
82 466
82 543
83 139
83 186
83 235
83 260
83 388
83 450
83 575
83 629
83 722
83 779
83 827
83 829
83 832
83 881
84 91
84 104
84 124
84 136
84 185
84 259
84 312
84 486
84 503
84 516
84 637
84 660
84 851
84 854
84 873
85 92
85 101
85 137
85 141
85 168
85 184
85 201
85 207
85 229
85 271
85 280
85 458
85 652
86 119
86 133
86 216
86 296
86 398
86 572
86 581
86 599
87 154
87 215
87 253
87 726
87 888
88 199
88 295
88 363
88 597
88 642
89 124
89 146
89 218
89 239
89 264
89 618
89 743
89 769
89 864
89 946
90 177
90 200
90 475
90 764
90 835
91 96
91 709
91 739
92 118
92 224
92 239
92 303
92 389
92 561
92 654
92 879
92 886
93 416
94 115
94 134
94 209
94 320
94 374
94 459
94 496
94 592
94 604
94 984
94 998
95 121
95 125
95 147
95 705
95 717
95 921
96 105
96 115
96 190
96 263
96 274
96 552
96 827
96 829
96 966
97 132
97 199
97 204
97 342
97 429
97 616
97 661
97 755
97 762
97 884
97 930
98 172
98 247
98 299
98 336
98 534
98 565
98 572
98 575
98 638
98 655
98 799
98 861
98 898
98 966
99 219
99 293
99 614
99 833
100 202
100 340
100 344
100 387
100 399
100 559
100 579
100 693
100 899
101 392
101 402
101 412
101 745
101 778
101 969
101 973
102 241
102 637
103 106
103 138
103 272
103 342
103 379
103 594
104 121
104 129
104 223
104 282
104 348
104 562
104 724
104 781
104 796
104 872
105 128
105 217
105 256
105 283
105 344
105 406
105 464
105 658
105 670
105 739
105 821
105 823
105 933
106 327
106 485
106 774
106 874
106 910
107 120
107 251
107 551
107 578
107 626
108 134
108 238
108 343
109 116
109 172
109 178
109 192
109 214
109 262
109 365
109 408
109 469
109 499
109 578
109 611
109 625
109 745
109 885
109 983
110 362
110 681
111 174
111 222
111 484
111 682
111 778
112 158
112 279
112 305
112 731
112 814
113 130
113 135
113 461
113 490
113 493
113 520
113 725
113 788
113 813
113 819
113 878
113 936
114 183
114 217
114 265
114 438
114 608
114 643
114 857
114 892
115 185
115 324
115 559
115 764
115 766
115 841
116 213
116 237
116 276
116 292
116 470
116 515
116 828
116 846
117 132
117 316
117 356
117 420
117 563
117 657
118 191
118 205
118 210
118 213
118 250
118 273
118 310
118 317
118 487
118 497
118 505
118 542
118 564
118 590
118 666
118 777
118 809
118 911
118 956
118 962
118 982
119 171
119 281
119 351
119 524
119 559
119 609
120 121
120 123
120 167
120 218
120 606
120 815
121 145
121 146
121 397
121 770
122 169
122 190
122 229
122 262
122 404
122 566
122 718
122 941
122 988
123 153
123 190
123 222
123 288
123 291
123 310
123 325
123 407
123 408
123 490
123 510
123 541
123 686
123 870
123 897
123 970
124 217
124 240
124 287
125 432
126 204
126 277
126 399
126 435
126 439
126 472
126 575
126 799
126 815
126 947
126 964
127 222
127 355
127 460
127 513
127 526
128 527
128 604
128 862
129 226
129 395
129 518
129 907
130 139
130 212
130 371
130 469
130 478
130 545
130 883
130 925
131 494
131 560
131 636
131 731
131 863
132 234
132 329
132 355
132 370
132 424
132 735
132 765
132 772
132 966
133 300
133 319
133 522
133 553
133 568
133 670
133 728
133 933
134 156
134 247
134 488
134 550
134 645
134 810
134 969
134 999
135 145
135 150
135 183
135 242
135 580
135 654
135 763
135 932
136 167
136 260
136 269
136 456
136 495
136 588
136 590
136 938
136 981
137 154
137 283
137 344
137 544
137 596
138 263
138 386
138 418
138 437
138 489
138 750
139 345
139 441
139 469
139 740
140 147
140 297
140 646
140 702
140 917
141 523
141 550
141 780
142 202
142 334
142 371
142 436
142 710
142 816
142 903
143 316
143 355
143 479
143 536
143 670
143 721
143 731
143 737
144 148
144 264
144 332
144 832
145 277
145 301
145 510
145 639
145 714
145 951
146 198
146 437
146 473
146 618
146 819
147 377
147 594
147 692
148 156
148 172
148 193
148 199
148 214
148 267
148 300
148 302
148 368
148 459
148 472
148 511
148 513
148 543
148 598
148 635
148 669
148 809
148 838
148 843
148 857
149 165
149 181
149 246
149 328
149 989
150 186
150 210
150 372
150 384
150 396
150 430
150 471
150 624
150 653
150 915
150 918
150 922
150 937
150 991
151 157
151 164
151 166
151 190
151 200
151 268
151 275
151 276
151 321
151 322
151 357
151 450
151 518
151 624
151 693
151 709
151 916
151 934
151 972
152 289
152 488
152 500
152 561
152 664
152 994
153 279
153 777
153 861
154 278
154 336
154 364
154 440
154 508
154 596
154 801
154 849
155 160
155 180
155 333
155 541
155 698
155 790
155 837
156 178
156 246
156 661
156 736
156 737
156 776
156 782
156 858
156 875
156 885
157 244
157 563
157 565
158 236
158 279
158 330
158 411
158 627
158 718
158 758
158 767
159 327
159 755
160 333
160 418
160 520
160 838
160 863
160 959
161 233
161 519
161 631
161 937
162 166
162 273
162 633
162 671
162 682
162 874
162 890
163 220
163 231
163 266
163 318
163 362
163 605
163 624
164 229
164 255
164 263
164 270
164 593
164 662
164 947
165 239
165 314
165 345
165 394
165 414
165 795
165 984
166 217
166 225
166 230
166 242
166 248
166 410
166 457
166 459
166 462
166 564
166 692
166 829
167 313
167 317
167 391
167 667
167 839
168 177
168 333
168 572
168 798
169 248
169 498
169 577
169 597
169 754
169 798
169 989
170 192
170 447
170 582
170 675
170 697
170 740
171 189
171 297
171 771
171 956
172 185
172 377
172 651
172 669
172 821
173 195
173 405
173 448
173 558
173 799
173 942
174 455
175 183
175 340
175 555
175 577
175 613
175 667
175 895
176 252
176 500
176 614
176 632
176 645
176 689
176 696
176 704
176 707
176 713
176 805
176 990
177 331
177 497
177 642
177 871
177 887
177 915
178 374
178 482
178 514
178 584
178 820
179 245
180 197
180 298
180 354
180 373
180 566
180 700
181 203
181 318
181 630
181 719
181 909
181 998
182 240
182 313
182 427
182 451
182 617
182 990
183 234
183 522
183 582
183 696
183 855
184 232
184 356
184 363
184 411
184 589
184 595
184 773
184 896
184 976
185 218
185 285
185 314
186 356
186 443
186 464
187 208
187 358
187 384
187 420
187 455
187 871
188 220
188 271
188 865
188 900
189 297
189 334
189 622
189 650
189 671
189 786
190 436
190 600
190 692
191 257
191 472
191 524
191 631
191 691
192 226
192 352
192 388
192 630
192 665
192 847
192 942
193 309
193 327
193 421
193 943
193 995
194 196
194 202
194 231
194 264
194 496
194 581
194 694
195 203
195 249
195 379
196 653
196 752
196 901
197 237
197 341
197 375
198 327
198 613
199 277
199 438
199 767
199 985
200 265
200 379
200 691
200 818
200 981
201 257
201 745
201 755
201 933
202 306
202 353
202 407
202 521
202 603
202 610
202 650
202 725
202 754
202 784
202 910
203 308
203 384
203 753
203 824
204 309
204 426
204 538
204 820
204 833
205 236
205 239
205 330
205 708
206 266
206 552
206 577
206 700
207 278
207 360
207 979
208 375
208 512
208 562
208 650
208 679
209 492
209 646
209 649
209 889
211 360
211 529
212 248
212 271
212 432
212 467
212 479
212 640
212 688
212 851
213 243
213 278
213 313
213 705
213 724
214 247
214 268
214 508
214 553
214 555
214 570
215 288
215 465
215 872
216 219
216 568
217 338
217 367
217 382
217 398
217 530
217 730
217 758
217 900
218 227
218 347
218 416
218 473
218 540
218 583
218 740
218 923
218 975
219 228
219 299
219 301
219 328
219 431
219 454
219 533
219 855
219 867
219 877
219 952
220 235
220 481
220 536
220 638
220 780
221 225
221 292
221 307
221 390
221 421
221 607
221 687
221 753
221 758
221 842
221 848
222 334
223 256
223 325
223 376
223 393
223 405
223 435
223 551
223 565
223 663
225 442
225 656
225 746
226 380
226 424
226 512
226 539
227 244
227 255
227 311
227 423
227 485
227 556
227 715
227 810
227 856
227 862
227 893
228 258
228 275
228 446
228 583
228 701
228 808
228 918
229 591
229 683
229 785
229 825
229 919
229 943
230 498
230 502
230 920
230 961
231 385
231 493
231 674
231 697
231 797
231 970
232 688
232 879
232 916
233 620
234 381
234 486
234 605
234 701
234 791
234 966
235 241
235 438
235 531
235 943
236 312
236 491
236 823
236 903
237 246
237 653
237 940
239 252
239 350
239 672
239 735
239 761
240 269
240 414
240 681
240 913
241 280
241 424
241 439
241 643
241 661
241 692
241 713
241 759
241 882
241 985
242 289
242 474
242 958
243 452
243 527
243 724
246 293
246 824
247 361
248 387
248 699
248 968
248 978
250 817
250 823
250 901
250 975
251 258
251 274
251 509
251 560
251 574
252 294
252 392
252 469
252 673
253 539
254 259
254 282
254 378
254 501
254 678
254 765
254 894
255 443
256 284
256 297
256 309
256 403
256 441
256 623
256 815
257 406
257 644
258 422
258 438
258 481
258 540
258 627
258 817
259 317
260 281
260 422
260 485
260 837
260 867
261 272
261 343
261 352
261 354
261 573
261 849
261 938
262 275
262 294
262 419
262 478
262 619
262 756
262 889
262 990
263 457
263 539
263 652
264 417
264 674
264 905
264 967
265 409
265 763
266 272
267 270
267 347
267 447
267 620
267 714
267 816
267 922
268 559
268 617
269 426
269 795
269 951
270 346
270 359
270 380
270 768
272 300
272 387
272 412
272 754
272 887
273 926
274 674
276 642
276 769
277 331
277 402
277 503
277 599
277 705
277 822
277 996
278 401
278 632
278 946
279 321
279 416
279 440
279 648
279 696
279 744
279 828
279 873
279 878
279 952
279 991
280 337
280 762
281 384
281 399
282 309
282 581
282 641
282 680
282 732
283 318
283 366
283 694
283 721
283 987
283 989
284 363
284 397
284 415
284 532
284 554
284 611
284 889
284 963
285 431
285 912
286 926
287 762
287 955
287 962
289 315
289 417
289 434
289 583
289 641
289 826
289 961
290 490
290 666
290 961
291 368
291 430
291 447
291 505
291 542
291 819
291 969
291 970
292 669
292 886
293 511
293 545
293 664
293 691
293 736
294 494
295 317
295 348
295 460
295 548
295 617
295 831
296 311
297 319
297 460
297 501
297 525
297 643
297 693
297 946
298 586
299 308
299 529
299 680
299 790
299 835
299 855
299 887
299 965
300 420
300 495
300 549
300 663
300 957
301 314
302 303
302 415
302 520
302 628
302 711
302 765
302 831
302 980
302 988
304 545
304 737
304 820
304 848
304 953
305 386
305 856
305 940
306 415
306 483
306 596
307 364
307 371
307 463
307 695
308 324
308 560
308 585
308 830
308 953
309 457
309 468
309 470
309 571
309 594
309 614
309 693
309 824
309 894
309 895
309 936
310 319
310 391
310 689
310 742
311 407
311 428
311 464
311 564
312 554
312 838
312 914
312 920
313 535
314 373
314 456
314 677
315 385
315 423
315 540
315 644
316 321
316 382
316 402
318 359
318 451
318 600
318 807
318 818
318 912
319 367
320 383
320 484
320 514
320 927
321 477
321 506
321 509
321 685
321 787
322 341
323 463
323 654
323 672
323 677
323 742
323 773
323 864
324 888
324 972
325 877
325 884
326 906
326 994
327 343
327 376
327 452
327 524
327 528
327 682
327 757
327 800
327 860
327 930
328 350
328 353
328 445
328 695
328 860
329 393
329 443
329 683
329 711
329 789
331 437
331 744
332 340
332 356
332 505
332 618
333 685
333 898
335 906
335 957
336 338
336 406
336 414
336 481
336 607
337 446
337 822
338 797
338 843
338 859
340 403
340 405
340 423
340 447
340 465
340 553
340 716
340 729
340 738
341 445
341 675
341 764
341 815
341 843
341 891
342 665
342 965
343 455
345 383
345 386
345 465
345 925
346 365
347 444
347 593
347 827
347 882
349 411
349 728
349 759
349 799
349 862
350 626
350 910
351 421
351 428
351 429
351 451
351 639
351 715
351 816
351 836
351 999
352 389
352 453
352 503
352 601
352 667
352 671
352 733
352 770
352 955
353 689
353 720
354 382
354 400
354 460
354 527
354 558
354 609
354 676
354 722
354 862
354 919
355 491
355 499
355 538
355 899
356 784
357 570
358 703
359 376
359 402
359 410
359 451
359 663
359 691
359 748
360 929
361 998
363 886
364 378
364 912
364 927
365 381
365 492
365 586
365 704
365 708
365 909
366 517
369 752
369 876
369 912
370 408
370 442
370 480
370 635
370 901
371 400
371 615
372 425
372 502
373 444
373 541
373 602
373 636
373 640
373 684
373 751
374 803
374 904
375 411
375 471
375 629
376 388
376 730
376 973
377 550
377 690
377 982
378 479
378 602
378 749
379 525
380 592
380 870
380 875
380 929
381 576
381 949
381 957
383 951
384 452
389 717
390 587
390 808
390 848
391 676
391 744
391 919
391 967
392 448
392 846
392 848
393 499
393 513
393 618
393 695
393 727
394 437
394 468
394 507
394 532
394 547
394 648
394 652
395 851
396 413
396 829
397 414
397 455
397 600
398 444
398 506
398 609
398 616
398 673
398 703
398 891
399 482
399 712
399 909
399 929
400 407
400 542
400 864
400 870
401 465
402 421
402 458
402 581
402 889
404 555
405 500
405 516
405 593
405 598
405 771
405 911
406 698
406 700
406 792
406 993
408 846
408 937
409 504
409 522
409 595
409 625
409 698
409 720
409 750
409 816
410 591
410 896
411 425
411 549
411 758
411 908
412 891
413 476
415 445
415 535
415 619
415 635
415 977
416 427
418 971
419 462
419 472
420 429
420 673
420 774
421 491
421 957
422 499
422 713
425 440
425 906
426 442
426 980
427 474
427 879
427 927
427 986
427 997
428 570
429 913
431 729
431 901
432 473
432 489
432 827
433 812
433 964
434 679
435 742
436 761
437 515
437 935
438 439
438 739
441 752
441 798
442 569
443 679
443 898
443 995
444 787
445 563
446 448
446 597
446 603
446 610
446 789
446 930
447 479
447 569
448 923
448 950
448 973
451 463
451 599
452 526
452 535
452 907
453 695
453 914
454 556
456 992
457 710
457 807
458 821
459 467
459 534
459 723
460 540
460 706
460 722
460 790
460 925
460 949
462 531
463 698
464 894
464 922
465 480
465 543
465 719
465 725
465 790
465 853
470 950
471 723
471 797
471 964
472 701
472 727
472 982
473 788
474 475
474 697
474 766
474 777
474 796
474 813
474 814
477 546
477 658
479 524
479 637
479 716
479 732
479 872
480 810
481 504
481 668
481 986
483 704
484 497
484 550
485 767
486 653
487 932
489 644
489 980
493 503
493 512
493 607
493 944
494 809
495 573
495 656
495 796
495 804
495 805
497 567
498 508
498 531
498 585
498 681
498 701
498 748
498 782
498 999
499 960
501 749
501 780
502 710
502 738
502 784
502 825
502 940
503 544
504 729
504 944
506 662
506 712
507 637
507 727
507 841
508 511
508 571
508 740
509 863
509 969
510 620
511 545
511 660
511 946
512 571
512 878
512 936
513 714
515 582
515 584
515 778
515 808
515 845
515 899
515 905
515 906
516 996
519 534
519 613
519 853
520 569
520 589
520 608
520 627
520 974
522 567
522 648
522 686
522 747
522 954
523 638
523 836
525 979
527 530
527 663
527 800
527 804
527 893
529 840
529 960
530 616
530 751
530 818
530 943
532 917
533 702
533 723
533 888
533 967
534 706
537 658
537 897
538 627
538 666
538 959
538 974
539 840
541 766
542 765
542 768
542 845
544 548
544 574
544 845
544 939
544 977
545 931
545 990
546 669
546 705
548 640
548 756
548 832
549 683
549 911
550 945
550 948
550 974
551 561
551 572
551 595
551 605
551 731
551 908
556 566
560 588
560 772
561 580
561 756
561 954
564 646
564 779
567 621
567 981
568 743
568 838
569 823
569 926
570 761
571 854
573 883
573 923
574 596
575 588
576 757
576 959
577 623
577 782
577 789
577 794
579 973
582 589
583 694
583 934
585 606
585 685
585 703
585 781
585 806
585 859
585 947
586 852
586 944
586 993
587 668
587 972
588 893
589 756
592 750
592 810
592 825
595 776
596 786
596 893
596 941
597 619
597 630
597 646
597 660
597 703
597 773
600 754
605 636
605 924
605 936
606 648
607 716
607 738
608 746
609 635
610 861
611 612
611 800
612 801
613 645
613 811
614 623
614 763
614 793
614 908
618 708
619 792
619 831
620 745
621 684
621 954
624 718
627 858
627 877
629 786
629 882
630 659
632 805
633 778
633 945
634 785
638 895
639 808
640 683
640 744
640 979
641 738
641 902
642 830
642 851
643 750
644 677
644 680
644 718
644 935
644 982
644 992
650 785
655 958
656 905
660 994
662 920
664 706
664 746
664 749
665 900
665 983
665 997
667 746
668 886
669 938
671 792
672 726
672 760
672 789
673 885
675 844
677 802
677 868
678 747
679 748
681 776
681 803
682 788
682 806
682 925
683 844
683 989
684 805
686 914
689 794
689 867
689 876
689 991
691 737
693 704
693 768
694 922
696 732
697 869
698 840
700 854
701 868
704 712
710 904
710 918
710 960
710 986
713 802
713 826
715 890
715 900
717 958
718 953
718 965
720 753
720 775
720 876
721 761
721 771
721 781
721 878
722 928
726 791
726 865
728 843
729 825
730 850
734 830
734 978
736 766
740 777
740 876
741 905
745 760
745 865
747 993
755 921
756 930
766 788
766 791
774 850
780 834
780 991
782 896
783 909
783 913
786 890
794 968
795 873
795 948
796 904
798 860
798 929
800 908
800 971
808 890
808 927
809 880
814 895
815 987
816 950
818 854
819 997
820 903
825 994
827 933
829 839
834 963
836 846
836 868
836 945
839 995
845 949
847 855
856 869
858 935
862 866
862 881
863 976
863 983
866 918
869 979
870 891
881 996
885 944
889 931
894 897
908 954
912 962
914 917
919 939
921 985
923 924
924 942
929 996
952 974
