0 710
1 666
2 298
3 356
4 571
5 1000
6 27
7 231
8 306
9 764
10 522
11 892
12 989
13 239
14 864
15 55
16 636
17 175
18 14
19 77
20 31
21 483
22 310
23 311
24 939
25 915
26 45
27 103
28 738
29 1
30 773
31 713
32 671
33 451
34 457
35 858
36 800
37 367
38 923
39 267
40 230
41 1001
42 530
43 765
44 251
45 945
46 822
47 141
48 316
49 482
50 331
51 295
52 262
53 434
54 865
55 372
56 272
57 270
58 503
59 319
60 557
61 987
62 142
63 202
64 962
65 196
66 264
67 533
68 252
69 743
70 395
71 299
72 582
73 247
74 389
75 799
76 817
77 466
78 604
79 685
80 261
81 458
82 877
83 914
84 991
85 786
86 236
87 605
88 362
89 931
90 516
91 496
92 992
93 279
94 641
95 487
96 612
97 108
98 494
99 825
100 788
101 613
102 65
103 974
104 317
105 670
106 669
107 729
108 758
109 214
110 97
111 664
112 602
113 500
114 255
115 386
116 742
117 384
118 963
119 918
120 783
121 911
122 122
123 717
124 60
125 969
126 625
127 283
128 944
129 913
130 676
131 959
132 402
133 768
134 456
135 382
136 312
137 8
138 531
139 819
140 101
141 492
142 890
143 249
144 278
145 647
146 385
147 646
148 54
149 34
150 271
151 30
152 380
153 760
154 741
155 766
156 505
157 363
158 863
159 485
160 583
161 879
162 691
163 867
164 435
165 678
166 320
167 513
168 352
169 420
170 950
171 798
172 145
173 829
174 366
175 808
176 240
177 651
178 968
179 144
180 826
181 477
182 789
183 315
184 994
185 545
186 720
187 484
188 787
189 204
190 837
191 934
192 953
193 5
194 947
195 682
196 725
197 215
198 656
199 150
200 342
201 465
202 399
203 871
204 820
205 866
206 412
207 518
208 520
209 886
210 113
211 615
212 37
213 748
214 899
215 351
216 158
217 154
218 40
219 409
220 538
221 640
222 736
223 266
224 408
225 294
226 818
227 524
228 18
229 471
230 529
231 308
232 984
233 447
234 62
235 79
236 683
237 193
238 776
239 181
240 708
241 655
242 200
243 912
244 996
245 951
246 406
247 2
248 926
249 443
250 253
251 578
252 85
253 440
254 75
255 807
256 661
257 467
258 925
259 38
260 949
261 728
262 780
263 140
264 821
265 793
266 609
267 601
268 493
269 418
270 1003
271 921
272 50
273 162
274 887
275 597
276 585
277 526
278 608
279 172
280 687
281 330
282 590
283 860
284 769
285 39
286 564
287 378
288 156
289 222
290 644
291 210
292 810
293 965
294 703
295 167
296 561
297 474
298 416
299 10
300 105
301 68
302 481
303 698
304 436
305 258
306 568
307 588
308 304
309 814
310 943
311 929
312 478
313 20
314 909
315 772
316 422
317 285
318 71
319 49
320 179
321 403
322 619
323 116
324 293
325 76
326 48
327 358
328 263
329 811
330 702
331 618
332 332
333 64
334 801
335 52
336 928
337 124
338 653
339 587
340 631
341 957
342 479
343 118
344 12
345 157
346 337
347 127
348 46
349 235
350 795
351 241
352 751
353 997
354 964
355 851
356 501
357 325
358 903
359 785
360 350
361 364
362 17
363 186
364 506
365 338
366 206
367 627
368 345
369 313
370 242
371 432
372 170
373 187
374 905
375 133
376 301
377 878
378 650
379 318
380 78
381 523
382 346
383 198
384 902
385 491
386 920
387 784
388 620
389 21
390 648
391 721
392 527
393 250
394 243
395 904
396 35
397 81
398 159
399 333
400 840
401 895
402 674
403 109
404 425
405 379
406 830
407 665
408 92
409 453
410 413
411 638
412 549
413 390
414 580
415 990
416 424
417 211
418 171
419 165
420 238
421 188
422 553
423 624
424 344
425 927
426 603
427 649
428 833
429 155
430 489
431 862
432 757
433 125
434 66
435 614
436 233
437 224
438 268
439 161
440 452
441 511
442 679
443 178
444 700
445 415
446 100
447 744
448 626
449 229
450 334
451 630
452 966
453 693
454 462
455 924
456 220
457 391
458 917
459 427
460 309
461 848
462 889
463 15
464 495
465 245
466 955
467 6
468 759
469 535
470 397
471 724
472 737
473 558
474 104
475 303
476 688
477 732
478 208
479 302
480 51
481 90
482 354
483 635
484 460
485 22
486 374
487 548
488 439
489 218
490 740
491 838
492 781
493 521
494 546
495 686
496 205
497 497
498 596
499 190
500 361
501 667
502 375
503 634
504 185
505 906
506 404
507 194
508 592
509 401
510 576
511 961
512 441
513 132
514 173
515 428
516 569
517 972
518 761
519 1002
520 96
521 859
522 499
523 74
524 89
525 980
526 0
527 392
528 476
529 942
530 519
531 107
532 711
533 993
534 223
535 327
536 102
537 998
538 475
539 213
540 135
541 246
542 975
543 722
544 622
545 876
546 365
547 815
548 26
549 792
550 417
551 567
552 855
553 3
554 134
555 355
556 880
557 771
558 839
559 692
560 794
561 225
562 823
563 369
564 1004
565 339
566 419
567 832
568 956
569 454
570 63
571 762
572 360
573 237
574 112
575 643
576 532
577 577
578 126
579 259
580 745
581 712
582 137
583 7
584 502
585 834
586 704
587 854
588 407
589 695
590 353
591 153
592 566
593 542
594 343
595 891
596 632
597 828
598 56
599 400
600 572
601 473
602 468
603 654
604 672
605 504
606 642
607 652
608 936
609 300
610 978
611 753
612 570
613 163
614 336
615 59
616 824
617 938
618 490
619 790
620 449
621 706
622 437
623 563
624 995
625 894
626 219
627 681
628 586
629 282
630 348
631 689
632 4
633 809
634 463
635 919
636 898
637 883
638 517
639 573
640 796
641 897
642 534
643 907
644 276
645 284
646 470
647 426
648 281
649 120
650 593
651 986
652 13
653 658
654 455
655 584
656 960
657 160
658 982
659 680
660 718
661 747
662 195
663 191
664 628
665 536
666 884
667 164
668 106
669 16
670 575
671 930
672 715
673 540
674 329
675 480
676 498
677 873
678 405
679 746
680 93
681 433
682 83
683 900
684 812
685 657
686 414
687 662
688 983
689 733
690 731
691 973
692 752
693 322
694 556
695 357
696 69
697 514
698 509
699 340
700 221
701 933
702 146
703 289
704 29
705 114
706 508
707 813
708 977
709 176
710 168
711 347
712 376
713 767
714 874
715 856
716 775
717 189
718 136
719 446
720 842
721 254
722 885
723 290
724 946
725 979
726 232
727 645
728 33
729 88
730 44
731 341
732 61
733 958
734 199
735 429
736 750
737 394
738 730
739 297
740 73
741 393
742 547
743 579
744 541
745 857
746 836
747 843
748 663
749 217
750 539
751 831
752 623
753 668
754 827
755 421
756 694
757 138
758 212
759 616
760 976
761 841
762 869
763 727
764 970
765 701
766 726
767 922
768 716
769 234
770 67
771 24
772 381
773 216
774 735
775 129
776 349
777 111
778 166
779 207
780 438
781 552
782 274
783 852
784 591
785 803
786 805
787 525
788 287
789 469
790 326
791 121
792 999
793 507
794 228
795 673
796 595
797 445
798 117
799 464
800 25
801 110
802 149
803 152
804 528
805 696
806 621
807 461
808 598
809 139
810 749
811 260
812 893
813 323
814 937
815 248
816 450
817 410
818 607
819 19
820 328
821 296
822 269
823 226
824 94
825 515
826 844
827 637
828 280
829 286
830 589
831 935
832 444
833 184
834 371
835 875
836 981
837 275
838 806
839 940
840 182
841 32
842 80
843 307
844 770
845 11
846 43
847 86
848 778
849 36
850 985
851 58
852 41
853 782
854 411
855 562
856 209
857 148
858 739
859 594
860 123
861 734
862 574
863 98
864 377
865 130
866 699
867 23
868 872
869 555
870 370
871 512
872 383
873 201
874 368
875 554
876 610
877 387
878 861
879 816
880 292
881 690
882 881
883 256
884 606
885 197
886 95
887 967
888 948
889 169
890 581
891 305
892 560
893 853
894 373
895 719
896 791
897 227
898 660
899 143
900 846
901 180
902 868
903 131
904 954
905 47
906 774
907 324
908 203
909 84
910 633
911 908
912 565
913 611
914 398
915 896
916 91
917 82
918 430
919 779
920 119
921 870
922 291
923 57
924 321
925 257
926 888
927 952
928 442
929 42
930 617
931 388
932 335
933 273
934 756
935 488
936 550
937 901
938 53
939 932
940 941
941 128
942 802
943 28
944 183
945 882
946 459
947 510
948 675
949 151
950 244
951 714
952 543
953 544
954 639
955 697
956 265
957 288
958 423
959 910
960 147
961 659
962 797
963 971
964 177
965 99
966 850
967 448
968 431
969 847
970 709
971 755
972 115
973 916
974 777
975 72
976 845
977 537
978 677
979 849
980 988
981 174
982 87
983 551
984 486
985 705
986 314
987 396
988 600
989 472
990 70
991 599
992 804
993 754
994 277
995 723
996 9
997 359
998 707
999 763
1000 835
1001 192
1002 629
1003 559
1004 684
