0 821
1 757
2 540
3 742
4 99
5 852
6 524
7 1001
8 309
9 166
10 417
11 990
12 283
13 410
14 398
15 262
16 545
17 173
18 34
19 697
20 126
21 97
22 16
23 214
24 425
25 204
26 233
27 722
28 691
29 682
30 522
31 179
32 409
33 394
34 351
35 571
36 927
37 75
38 586
39 800
40 931
41 1004
42 343
43 8
44 303
45 507
46 837
47 307
48 171
49 322
50 332
51 911
52 141
53 457
54 655
55 903
56 587
57 43
58 588
59 630
60 198
61 603
62 823
63 268
64 82
65 427
66 708
67 707
68 205
69 412
70 942
71 159
72 324
73 673
74 480
75 14
76 787
77 583
78 345
79 312
80 702
81 740
82 745
83 255
84 703
85 15
86 528
87 313
88 555
89 87
90 69
91 913
92 614
93 67
94 551
95 649
96 995
97 296
98 402
99 933
100 705
101 146
102 261
103 53
104 784
105 689
106 510
107 453
108 637
109 842
110 789
111 684
112 61
113 678
114 962
115 814
116 418
117 831
118 535
119 124
120 909
121 662
122 636
123 738
124 793
125 241
126 24
127 79
128 906
129 77
130 154
131 357
132 47
133 416
134 484
135 321
136 92
137 243
138 306
139 613
140 561
141 132
142 291
143 63
144 780
145 858
146 940
147 888
148 26
149 248
150 311
151 629
152 866
153 645
154 285
155 150
156 937
157 482
158 714
159 785
160 60
161 829
162 387
163 739
164 580
165 576
166 375
167 55
168 710
169 952
170 152
171 280
172 180
173 773
174 653
175 169
176 465
177 841
178 600
179 572
180 908
181 971
182 237
183 743
184 203
185 954
186 330
187 816
188 95
189 247
190 399
191 871
192 224
193 192
194 360
195 293
196 696
197 64
198 341
199 975
200 715
201 172
202 516
203 234
204 824
205 54
206 534
207 191
208 46
209 902
210 815
211 231
212 988
213 218
214 227
215 772
216 929
217 211
218 950
219 960
220 414
221 704
222 701
223 108
224 175
225 295
226 941
227 196
228 556
229 998
230 992
231 274
232 305
233 444
234 407
235 455
236 469
237 464
238 183
239 101
240 374
241 3
242 430
243 652
244 631
245 797
246 7
247 771
248 315
249 432
250 791
251 585
252 758
253 498
254 104
255 452
256 798
257 413
258 415
259 57
260 40
261 230
262 197
263 867
264 392
265 336
266 733
267 968
268 213
269 30
270 706
271 85
272 754
273 607
274 90
275 663
276 495
277 460
278 339
279 222
280 490
281 736
282 356
283 238
284 533
285 266
286 521
287 76
288 862
289 328
290 606
291 437
292 429
293 127
294 94
295 881
296 129
297 977
298 106
299 136
300 481
301 838
302 423
303 775
304 78
305 450
306 113
307 936
308 133
309 386
310 750
311 532
312 323
313 978
314 786
315 594
316 467
317 347
318 500
319 910
320 200
321 189
322 919
323 48
324 965
325 874
326 80
327 759
328 160
329 216
330 681
331 964
332 554
333 873
334 406
335 371
336 601
337 938
338 932
339 302
340 504
341 549
342 907
343 628
344 947
345 763
346 611
347 272
348 863
349 517
350 917
351 531
352 615
353 885
354 251
355 176
356 955
357 284
358 901
359 511
360 445
361 718
362 620
363 807
364 396
365 250
366 397
367 877
368 810
369 492
370 59
371 167
372 440
373 596
374 49
375 729
376 732
377 695
378 390
379 916
380 609
381 290
382 65
383 329
384 756
385 525
386 501
387 598
388 803
389 337
390 236
391 462
392 731
393 767
394 848
395 202
396 700
397 461
398 340
399 644
400 486
401 9
402 217
403 573
404 660
405 724
406 358
407 654
408 245
409 115
410 618
411 190
412 389
413 367
414 670
415 643
416 665
417 400
418 898
419 497
420 817
421 664
422 693
423 679
424 680
425 529
426 493
427 158
428 304
429 802
430 422
431 847
432 557
433 81
434 29
435 439
436 899
437 483
438 840
439 316
440 4
441 796
442 178
443 391
444 435
445 788
446 235
447 822
448 781
449 131
450 411
451 352
452 139
453 671
454 632
455 716
456 876
457 199
458 142
459 41
460 6
461 51
462 582
463 537
464 552
465 694
466 509
467 578
468 875
469 110
470 634
471 466
472 479
473 776
474 161
475 207
476 405
477 496
478 325
479 32
480 713
481 610
482 363
483 658
484 381
485 378
486 761
487 365
488 963
489 342
490 22
491 856
492 58
493 71
494 656
495 597
496 844
497 934
498 1002
499 605
500 287
501 835
502 635
503 966
504 799
505 857
506 922
507 269
508 891
509 820
510 249
511 530
512 195
513 869
514 985
515 777
516 288
517 734
518 650
519 699
520 730
521 121
522 470
523 564
524 499
525 973
526 993
527 749
528 548
529 353
530 294
531 608
532 996
533 849
534 434
535 921
536 242
537 698
538 232
539 346
540 553
541 753
542 13
543 28
544 633
545 762
546 86
547 812
548 737
549 502
550 819
551 717
552 11
553 593
554 526
555 872
556 976
557 692
558 186
559 354
560 208
561 677
562 566
563 520
564 362
565 91
566 489
567 0
568 751
569 112
570 256
571 924
572 436
573 317
574 983
575 711
576 246
577 915
578 84
579 893
580 5
581 790
582 33
583 157
584 134
585 50
586 107
587 259
588 25
589 88
590 105
591 536
592 182
593 348
594 882
595 651
596 117
597 257
598 267
599 96
600 239
601 338
602 826
603 543
604 638
605 187
606 44
607 379
608 494
609 72
610 859
611 491
612 1000
613 792
614 864
615 542
616 2
617 120
618 73
619 830
620 685
621 125
622 604
623 36
624 744
625 185
626 408
627 672
628 153
629 37
630 35
631 282
632 130
633 12
634 560
635 804
636 181
637 811
638 839
639 514
640 527
641 558
642 897
643 388
644 220
645 278
646 472
647 687
648 100
649 833
650 622
651 424
652 669
653 138
654 801
655 383
656 123
657 350
658 162
659 299
660 168
661 56
662 137
663 675
664 62
665 647
666 920
667 617
668 128
669 581
670 201
671 212
672 433
673 135
674 260
675 223
676 45
677 666
678 538
679 314
680 592
681 770
682 518
683 999
684 252
685 206
686 320
687 513
688 355
689 735
690 39
691 264
692 646
693 226
694 456
695 369
696 726
697 83
698 119
699 853
700 991
701 890
702 327
703 289
704 584
705 546
706 333
707 475
708 42
709 627
710 616
711 326
712 370
713 686
714 145
715 657
716 449
717 438
718 1003
719 805
720 523
721 855
722 515
723 668
724 148
725 944
726 1
727 93
728 244
729 946
730 747
731 373
732 419
733 961
734 366
735 485
736 926
737 308
738 676
739 319
740 880
741 948
742 832
743 967
744 431
745 188
746 458
747 229
748 879
749 846
750 970
751 102
752 887
753 602
754 683
755 752
756 74
757 194
758 590
759 512
760 818
761 639
762 253
763 463
764 503
765 994
766 720
767 372
768 918
769 215
770 728
771 626
772 476
773 209
774 310
775 149
776 989
777 892
778 928
779 712
780 301
781 31
782 335
783 18
784 778
785 334
786 883
787 23
788 719
789 428
790 265
791 331
792 140
793 10
794 769
795 174
796 884
797 376
798 621
799 21
800 277
801 344
802 447
803 957
804 144
805 156
806 894
807 900
808 834
809 623
810 547
811 114
812 939
813 446
814 949
815 575
816 843
817 783
818 935
819 384
820 66
821 292
822 674
823 925
824 441
825 98
826 568
827 219
828 17
829 987
830 68
831 468
832 895
833 782
834 640
835 111
836 155
837 779
838 281
839 393
840 958
841 165
842 709
843 661
844 380
845 827
846 760
847 981
848 318
849 648
850 297
851 506
852 914
853 240
854 889
855 163
856 896
857 690
858 473
859 151
860 404
861 19
862 563
863 221
864 868
865 401
866 279
867 813
868 904
869 271
870 755
871 725
872 969
873 519
874 764
875 116
876 459
877 118
878 746
879 364
880 845
881 577
882 559
883 850
884 487
885 625
886 508
887 143
888 959
889 723
890 550
891 809
892 953
893 808
894 591
895 870
896 945
897 923
898 930
899 254
900 361
901 70
902 943
903 300
904 589
905 579
906 385
907 836
908 774
909 905
910 147
911 854
912 570
913 980
914 982
915 984
916 565
917 878
918 861
919 567
920 505
921 442
922 170
923 721
924 177
925 795
926 89
927 263
928 851
929 825
930 986
931 184
932 641
933 860
934 997
935 972
936 474
937 667
938 276
939 471
940 38
941 193
942 27
943 765
944 403
945 228
946 539
947 275
948 454
949 382
950 574
951 109
952 225
953 806
954 122
955 359
956 956
957 395
958 688
959 349
960 377
961 541
962 273
963 258
964 103
965 544
966 865
967 443
968 748
969 768
970 488
971 477
972 569
973 448
974 612
975 741
976 298
977 951
978 420
979 164
980 794
981 624
982 368
983 979
984 270
985 20
986 599
987 659
988 912
989 562
990 286
991 642
992 828
993 727
994 52
995 426
996 210
997 421
998 766
999 451
1000 478
1001 595
1002 886
1003 619
1004 974
